2.745410203933715820e-01
4.052584171295166016e-01
3.435834050178527832e-01
3.338682055473327637e-01
3.727105855941772461e-01
3.184514641761779785e-01
4.920987188816070557e-01
3.599673211574554443e-01
3.245831727981567383e-01
3.494073152542114258e-01
3.119785785675048828e-01
3.781976699829101562e-01
3.056719303131103516e-01
3.824858665466308594e-01
3.263256549835205078e-01
5.383794307708740234e-01
3.618977367877960205e-01
4.122946262359619141e-01
3.868196010589599609e-01
4.310013055801391602e-01
3.717725276947021484e-01
4.710119664669036865e-01
4.712013006210327148e-01
3.961196541786193848e-01
3.925605416297912598e-01
3.763659596443176270e-01
4.298362731933593750e-01
3.014201521873474121e-01
2.333296239376068115e-01
2.084489464759826660e-01
3.857504129409790039e-01
3.289889395236968994e-01
3.223384320735931396e-01
1.994549036026000977e-01
3.920706510543823242e-01
4.911344051361083984e-01
4.366284012794494629e-01
3.986364006996154785e-01
3.378217220306396484e-01
3.280434608459472656e-01
2.166062146425247192e-01
2.399109154939651489e-01
2.575213313102722168e-01
4.609408974647521973e-01
4.712209105491638184e-01
3.792544603347778320e-01
3.853790760040283203e-01
2.711896896362304688e-01
3.796547651290893555e-01
4.342807531356811523e-01
3.659375905990600586e-01
4.930052459239959717e-01
4.046600162982940674e-01
3.962610065937042236e-01
4.344467222690582275e-01
4.747033119201660156e-01
3.728826045989990234e-01
3.266396522521972656e-01
3.586784303188323975e-01
2.337651103734970093e-01
3.963648974895477295e-01
2.080541551113128662e-01
3.991857767105102539e-01
4.462957978248596191e-01
3.459877669811248779e-01
4.693380296230316162e-01
3.485767543315887451e-01
5.044636726379394531e-01
3.988655209541320801e-01
2.808129787445068359e-01
2.554695010185241699e-01
5.008037090301513672e-01
3.073155581951141357e-01
3.037213683128356934e-01
3.372904360294342041e-01
4.057721197605133057e-01
3.389331698417663574e-01
3.979069590568542480e-01
3.873936831951141357e-01
5.295515656471252441e-01
3.013038039207458496e-01
2.827420830726623535e-01
4.017688333988189697e-01
3.229384422302246094e-01
3.503010272979736328e-01
4.785764515399932861e-01
3.858295083045959473e-01
4.038485586643218994e-01
3.078083992004394531e-01
4.803171455860137939e-01
4.480971097946166992e-01
4.109543263912200928e-01
3.401472866535186768e-01
2.717774510383605957e-01
3.135245144367218018e-01
5.027514100074768066e-01
5.160778164863586426e-01
3.892995119094848633e-01
4.916145503520965576e-01
3.940214812755584717e-01
4.177747368812561035e-01
2.644982933998107910e-01
4.577926397323608398e-01
4.700234830379486084e-01
4.738385677337646484e-01
3.087784647941589355e-01
5.956810712814331055e-01
3.813952505588531494e-01
3.931900262832641602e-01
3.893307149410247803e-01
3.537613749504089355e-01
2.794474363327026367e-01
3.409833014011383057e-01
2.695685625076293945e-01
3.739440739154815674e-01
3.748542666435241699e-01
3.431594371795654297e-01
3.176599144935607910e-01
2.302823215723037720e-01
6.332477331161499023e-01
3.368611037731170654e-01
2.077528834342956543e-01
3.828774392604827881e-01
3.385931849479675293e-01
5.438414812088012695e-01
5.751138925552368164e-01
4.172447025775909424e-01
4.534557163715362549e-01
5.323352813720703125e-01
3.674393892288208008e-01
5.109397172927856445e-01
4.208669364452362061e-01
3.775523304939270020e-01
4.144118726253509521e-01
3.314218223094940186e-01
5.632420778274536133e-01
4.790686070919036865e-01
4.328656792640686035e-01
4.798775613307952881e-01
4.964807033538818359e-01
4.321454465389251709e-01
3.546552062034606934e-01
4.814782440662384033e-01
2.955825328826904297e-01
3.864448964595794678e-01
4.188757538795471191e-01
4.423125386238098145e-01
3.444124162197113037e-01
3.893483281135559082e-01
4.228955209255218506e-01
5.184397697448730469e-01
3.783405423164367676e-01
4.412542581558227539e-01
3.779368400573730469e-01
5.324491262435913086e-01
3.396489620208740234e-01
4.221696853637695312e-01
3.832936584949493408e-01
3.654922842979431152e-01
4.433950781822204590e-01
4.497559666633605957e-01
4.155288338661193848e-01
3.838280141353607178e-01
3.667104244232177734e-01
3.975506722927093506e-01
3.245618343353271484e-01
3.805161118507385254e-01
5.275951623916625977e-01
4.613679349422454834e-01
4.117628335952758789e-01
2.181603014469146729e-01
4.051308631896972656e-01
2.849470078945159912e-01
4.586189985275268555e-01
3.502593040466308594e-01
3.692481815814971924e-01
5.434007644653320312e-01
5.489298701286315918e-01
4.253126084804534912e-01
3.124720454216003418e-01
4.443009495735168457e-01
4.248463511466979980e-01
5.210881829261779785e-01
4.116398096084594727e-01
3.230744302272796631e-01
3.080492913722991943e-01
3.005575239658355713e-01
3.247782588005065918e-01
4.479841589927673340e-01
3.581587076187133789e-01
3.727490901947021484e-01
4.276005625724792480e-01
4.013928174972534180e-01
3.200589418411254883e-01
4.372687637805938721e-01
3.982302546501159668e-01
4.165987372398376465e-01
4.183672070503234863e-01
4.813671112060546875e-01
3.166898488998413086e-01
2.595124840736389160e-01
3.188214004039764404e-01
4.916458725929260254e-01
3.856538534164428711e-01
4.761919081211090088e-01
4.958609342575073242e-01
3.907301127910614014e-01
3.561252653598785400e-01
3.438889980316162109e-01
3.109668791294097900e-01
3.047468960285186768e-01
6.516076326370239258e-01
3.363647758960723877e-01
3.934820592403411865e-01
3.761202692985534668e-01
2.612588107585906982e-01
3.345896005630493164e-01
4.118813276290893555e-01
2.570635378360748291e-01
4.170033931732177734e-01
3.468503355979919434e-01
3.901245594024658203e-01
5.026226043701171875e-01
4.208733141422271729e-01
2.871300876140594482e-01
3.303924798965454102e-01
4.434955418109893799e-01
3.383383154869079590e-01
3.757071197032928467e-01
3.762017488479614258e-01
3.866940140724182129e-01
4.872615635395050049e-01
3.773862123489379883e-01
3.626078367233276367e-01
4.321987032890319824e-01
2.819869518280029297e-01
2.767629921436309814e-01
3.573319017887115479e-01
2.592059373855590820e-01
4.201535582542419434e-01
2.661336064338684082e-01
4.176118373870849609e-01
3.803471922874450684e-01
3.070302605628967285e-01
5.135335922241210938e-01
3.540607690811157227e-01
3.984959721565246582e-01
4.094703197479248047e-01
4.120309352874755859e-01
3.579918742179870605e-01
3.123982846736907959e-01
2.380082905292510986e-01
2.421419322490692139e-01
3.908390104770660400e-01
4.387164115905761719e-01
4.227528870105743408e-01
3.911566734313964844e-01
2.994565069675445557e-01
4.102197885513305664e-01
5.204882621765136719e-01
3.672745227813720703e-01
4.124341607093811035e-01
3.220419883728027344e-01
2.928646802902221680e-01
3.487580120563507080e-01
4.459130764007568359e-01
3.186245262622833252e-01
4.505832195281982422e-01
2.841280400753021240e-01
5.059887766838073730e-01
5.069671273231506348e-01
3.060559332370758057e-01
4.075169265270233154e-01
3.307081460952758789e-01
4.632825851440429688e-01
3.798181116580963135e-01
3.828930556774139404e-01
3.937757015228271484e-01
4.423496723175048828e-01
4.110371470451354980e-01
3.133716285228729248e-01
3.274924159049987793e-01
3.548513650894165039e-01
3.752748370170593262e-01
3.351354598999023438e-01
3.855597078800201416e-01
3.914847373962402344e-01
4.949927031993865967e-01
3.518750965595245361e-01
3.487411141395568848e-01
4.393322467803955078e-01
3.257748484611511230e-01
3.270071744918823242e-01
3.095638155937194824e-01
2.674204409122467041e-01
3.424849510192871094e-01
3.707349300384521484e-01
2.618408203125000000e-01
4.882759451866149902e-01
3.298054933547973633e-01
4.591283798217773438e-01
3.465811610221862793e-01
5.121331810951232910e-01
2.730992138385772705e-01
4.291118979454040527e-01
4.371972680091857910e-01
3.895095586776733398e-01
5.641269683837890625e-01
4.002543687820434570e-01
6.209669113159179688e-01
2.983583807945251465e-01
2.552011013031005859e-01
2.961587011814117432e-01
3.365035057067871094e-01
2.716780900955200195e-01
3.580722212791442871e-01
4.851440787315368652e-01
3.492582440376281738e-01
3.265030086040496826e-01
3.809008300304412842e-01
3.814620375633239746e-01
3.872884511947631836e-01
4.566468298435211182e-01
3.572166264057159424e-01
5.725036859512329102e-01
5.194809436798095703e-01
3.360762000083923340e-01
3.857816457748413086e-01
3.865550756454467773e-01
3.168307542800903320e-01
7.178405523300170898e-01
3.277608752250671387e-01
4.408408999443054199e-01
3.690134584903717041e-01
4.046815037727355957e-01
3.063213825225830078e-01
3.776959180831909180e-01
4.672758281230926514e-01
3.548636138439178467e-01
2.758770585060119629e-01
4.333483576774597168e-01
3.130223751068115234e-01
2.893199920654296875e-01
3.861351609230041504e-01
2.553301453590393066e-01
3.578624129295349121e-01
4.160538017749786377e-01
4.265259504318237305e-01
2.275342941284179688e-01
3.110426664352416992e-01
3.541965484619140625e-01
5.446745157241821289e-01
4.570211768150329590e-01
3.121820092201232910e-01
4.391909837722778320e-01
3.827067017555236816e-01
4.924972653388977051e-01
2.908102869987487793e-01
4.786592125892639160e-01
4.346038699150085449e-01
4.561438858509063721e-01
4.548342227935791016e-01
4.320314228534698486e-01
4.187496304512023926e-01
4.751265943050384521e-01
4.759914278984069824e-01
4.359320402145385742e-01
4.704052805900573730e-01
3.704454898834228516e-01
3.980725407600402832e-01
3.854820728302001953e-01
2.510682940483093262e-01
5.294474363327026367e-01
3.891779184341430664e-01
2.875850498676300049e-01
3.869541287422180176e-01
3.514406681060791016e-01
4.777538776397705078e-01
3.471893370151519775e-01
3.504554331302642822e-01
3.731345534324645996e-01
3.369676172733306885e-01
3.790189623832702637e-01
3.482371568679809570e-01
3.103998303413391113e-01
3.674661815166473389e-01
3.778470158576965332e-01
2.928473353385925293e-01
3.648982048034667969e-01
4.171490073204040527e-01
3.677991032600402832e-01
4.816136360168457031e-01
3.529763221740722656e-01
3.276138305664062500e-01
1.900247782468795776e-01
3.651258349418640137e-01
3.864911198616027832e-01
2.387070208787918091e-01
2.870489656925201416e-01
4.045833051204681396e-01
4.006952941417694092e-01
4.822102189064025879e-01
4.738676249980926514e-01
3.931716084480285645e-01
4.497406482696533203e-01
3.015416264533996582e-01
2.735306024551391602e-01
3.747631907463073730e-01
5.375804901123046875e-01
4.911250770092010498e-01
4.691067636013031006e-01
4.337924718856811523e-01
3.856269717216491699e-01
3.810298740863800049e-01
3.969471454620361328e-01
4.009750485420227051e-01
3.644674122333526611e-01
5.135543942451477051e-01
3.227800726890563965e-01
3.636656999588012695e-01
4.527958631515502930e-01
3.850358724594116211e-01
4.176432490348815918e-01
4.350605905055999756e-01
4.933482110500335693e-01
3.257077634334564209e-01
3.632299900054931641e-01
2.641994953155517578e-01
3.271406888961791992e-01
2.912208735942840576e-01
3.050192892551422119e-01
2.696444094181060791e-01
3.098499178886413574e-01
4.177002310752868652e-01
4.858680367469787598e-01
3.199790716171264648e-01
5.527705550193786621e-01
5.405545830726623535e-01
3.919057250022888184e-01
2.121397554874420166e-01
5.223125219345092773e-01
4.222409725189208984e-01
4.135224223136901855e-01
6.195209026336669922e-01
4.229156374931335449e-01
3.863978385925292969e-01
4.060662686824798584e-01
3.534260690212249756e-01
2.997189164161682129e-01
3.845473527908325195e-01
2.137317061424255371e-01
4.766725301742553711e-01
5.006233453750610352e-01
5.535136461257934570e-01
3.574128150939941406e-01
3.923571109771728516e-01
4.197677075862884521e-01
5.532935857772827148e-01
4.258427023887634277e-01
3.541581630706787109e-01
4.104344844818115234e-01
3.578934967517852783e-01
5.433045625686645508e-01
4.982387721538543701e-01
3.726973235607147217e-01
3.440511226654052734e-01
3.216801285743713379e-01
4.384111762046813965e-01
3.980560898780822754e-01
4.131380915641784668e-01
3.801690340042114258e-01
2.512114048004150391e-01
3.208395242691040039e-01
2.659484744071960449e-01
2.941638827323913574e-01
4.550016522407531738e-01
3.702057600021362305e-01
4.803198277950286865e-01
3.976392149925231934e-01
2.580538988113403320e-01
4.898097813129425049e-01
3.241384923458099365e-01
2.291969805955886841e-01
4.376953840255737305e-01
3.100409209728240967e-01
3.585876524448394775e-01
4.450503885746002197e-01
3.787388801574707031e-01
2.487006634473800659e-01
3.459901809692382812e-01
5.011575222015380859e-01
4.352803826332092285e-01
3.633637726306915283e-01
5.269046425819396973e-01
4.687473177909851074e-01
2.580230832099914551e-01
4.517976641654968262e-01
3.810208141803741455e-01
3.595919907093048096e-01
2.643567323684692383e-01
3.827588856220245361e-01
2.965636849403381348e-01
4.380798935890197754e-01
4.780654013156890869e-01
6.951935291290283203e-01
2.652245461940765381e-01
3.315547704696655273e-01
3.237155079841613770e-01
3.582792580127716064e-01
4.496881365776062012e-01
4.918560385704040527e-01
3.079716563224792480e-01
3.319993019104003906e-01
4.877140522003173828e-01
3.161565363407135010e-01
2.377404272556304932e-01
3.235560655593872070e-01
3.888824284076690674e-01
3.546683192253112793e-01
3.769364953041076660e-01
3.243141770362854004e-01
3.838633596897125244e-01
2.910372018814086914e-01
3.102024197578430176e-01
2.934685647487640381e-01
3.574618697166442871e-01
4.023796916007995605e-01
3.364971876144409180e-01
4.287235438823699951e-01
2.959963083267211914e-01
3.465617895126342773e-01
3.272044062614440918e-01
2.663742303848266602e-01
4.333455264568328857e-01
3.355347514152526855e-01
3.485282659530639648e-01
2.912991344928741455e-01
4.407534599304199219e-01
3.439934849739074707e-01
5.677196979522705078e-01
4.387079775333404541e-01
4.290338754653930664e-01
3.392334878444671631e-01
4.206952750682830811e-01
3.808022737503051758e-01
3.648144006729125977e-01
4.355833828449249268e-01
3.321717083454132080e-01
4.276108145713806152e-01
3.377944827079772949e-01
3.446930646896362305e-01
3.244443535804748535e-01
3.677358031272888184e-01
2.980379462242126465e-01
5.045073032379150391e-01
3.651532530784606934e-01
3.950096070766448975e-01
2.355141937732696533e-01
3.098028004169464111e-01
3.230850100517272949e-01
3.953031003475189209e-01
4.370892047882080078e-01
3.173823654651641846e-01
5.367693901062011719e-01
3.322279751300811768e-01
3.450550138950347900e-01
3.735728859901428223e-01
3.234284520149230957e-01
4.675136208534240723e-01
3.536885976791381836e-01
3.177760839462280273e-01
4.188839197158813477e-01
2.947063446044921875e-01
4.205898046493530273e-01
2.847822904586791992e-01
3.117539584636688232e-01
4.307511746883392334e-01
3.184354305267333984e-01
3.451465368270874023e-01
5.988355875015258789e-01
6.297023892402648926e-01
3.353674411773681641e-01
2.694885134696960449e-01
4.370722770690917969e-01
3.836107850074768066e-01
2.626591324806213379e-01
4.006335139274597168e-01
3.602270483970642090e-01
3.128708600997924805e-01
4.800011515617370605e-01
4.021821022033691406e-01
3.448765873908996582e-01
5.549659729003906250e-01
3.624174892902374268e-01
3.659311532974243164e-01
4.738720357418060303e-01
3.304774165153503418e-01
2.851637303829193115e-01
4.854729473590850830e-01
4.629474282264709473e-01
3.805642127990722656e-01
4.298328459262847900e-01
2.916978597640991211e-01
2.609630823135375977e-01
3.241688311100006104e-01
3.828919529914855957e-01
3.239013254642486572e-01
3.184529244899749756e-01
3.465776443481445312e-01
5.132774114608764648e-01
3.009965419769287109e-01
4.672358036041259766e-01
2.909701764583587646e-01
4.244772195816040039e-01
3.643420338630676270e-01
3.115943074226379395e-01
3.875479698181152344e-01
3.829953074455261230e-01
4.028648734092712402e-01
3.049294352531433105e-01
5.344690680503845215e-01
3.666284382343292236e-01
4.090393781661987305e-01
4.311337769031524658e-01
3.302319645881652832e-01
3.768675923347473145e-01
4.268660545349121094e-01
4.453797340393066406e-01
2.948806583881378174e-01
4.549748301506042480e-01
4.642439484596252441e-01
4.346029162406921387e-01
3.376116752624511719e-01
4.066487252712249756e-01
3.478041887283325195e-01
3.075874745845794678e-01
4.721191227436065674e-01
4.453830420970916748e-01
3.148308098316192627e-01
3.928232192993164062e-01
3.534544110298156738e-01
2.649252414703369141e-01
3.663157522678375244e-01
4.209409654140472412e-01
3.658748269081115723e-01
2.621686458587646484e-01
3.441395759582519531e-01
2.523144781589508057e-01
3.780367076396942139e-01
5.639071464538574219e-01
4.689073562622070312e-01
4.692406654357910156e-01
3.460902869701385498e-01
3.927375674247741699e-01
4.093757867813110352e-01
3.996802568435668945e-01
4.169906973838806152e-01
4.661882817745208740e-01
3.836424946784973145e-01
3.644042611122131348e-01
3.239381015300750732e-01
3.122695684432983398e-01
3.567633628845214844e-01
4.514901638031005859e-01
2.989093661308288574e-01
3.280568718910217285e-01
4.266861677169799805e-01
2.839100062847137451e-01
5.210118293762207031e-01
4.774497151374816895e-01
5.543292760848999023e-01
2.971552014350891113e-01
4.155374169349670410e-01
3.403489589691162109e-01
4.254698157310485840e-01
2.969512939453125000e-01
2.383120059967041016e-01
3.395342230796813965e-01
3.160467147827148438e-01
4.058920741081237793e-01
3.066369891166687012e-01
3.868746161460876465e-01
4.594484567642211914e-01
3.383201360702514648e-01
4.468750059604644775e-01
4.970122575759887695e-01
4.452454447746276855e-01
3.807015419006347656e-01
4.334997534751892090e-01
4.403449892997741699e-01
3.020455539226531982e-01
4.709125161170959473e-01
4.019794464111328125e-01
4.509207010269165039e-01
3.735114932060241699e-01
2.673816084861755371e-01
3.214078545570373535e-01
3.561108410358428955e-01
2.902724146842956543e-01
3.921471238136291504e-01
2.874288558959960938e-01
3.123556971549987793e-01
4.968926012516021729e-01
3.624393939971923828e-01
3.293400704860687256e-01
4.332399368286132812e-01
4.204415977001190186e-01
4.062415957450866699e-01
3.821687698364257812e-01
4.464948773384094238e-01
3.424478769302368164e-01
3.538808524608612061e-01
3.367258310317993164e-01
4.195907413959503174e-01
2.501465678215026855e-01
3.524672985076904297e-01
2.529126405715942383e-01
5.084005594253540039e-01
4.577667713165283203e-01
3.696385025978088379e-01
2.522699534893035889e-01
3.871278464794158936e-01
3.592957556247711182e-01
5.489023327827453613e-01
3.153447806835174561e-01
3.893443346023559570e-01
3.771328926086425781e-01
4.930837750434875488e-01
4.245367348194122314e-01
3.588140010833740234e-01
4.110110700130462646e-01
3.898829817771911621e-01
3.798669874668121338e-01
3.625547289848327637e-01
4.016089737415313721e-01
3.735357224941253662e-01
4.308627247810363770e-01
4.292645156383514404e-01
4.432958960533142090e-01
3.521025180816650391e-01
4.400880932807922363e-01
3.645232915878295898e-01
4.077904820442199707e-01
4.095068275928497314e-01
4.701352417469024658e-01
3.202947080135345459e-01
3.462324738502502441e-01
3.878070712089538574e-01
4.446931779384613037e-01
4.676589071750640869e-01
3.207757174968719482e-01
3.592061698436737061e-01
2.437781095504760742e-01
3.788676857948303223e-01
3.101940751075744629e-01
4.176213145256042480e-01
4.732804298400878906e-01
3.577798008918762207e-01
2.740334272384643555e-01
3.541851639747619629e-01
5.021800398826599121e-01
2.796365320682525635e-01
4.189900755882263184e-01
3.637110590934753418e-01
4.110437333583831787e-01
5.662744045257568359e-01
4.060754776000976562e-01
1.920075714588165283e-01
5.781326293945312500e-01
3.542775809764862061e-01
3.918369412422180176e-01
3.105558156967163086e-01
4.441081881523132324e-01
5.586630105972290039e-01
3.428925275802612305e-01
4.628094434738159180e-01
3.955997824668884277e-01
2.569494545459747314e-01
3.742015957832336426e-01
3.740959763526916504e-01
3.544209003448486328e-01
2.702834308147430420e-01
2.826396524906158447e-01
3.219032883644104004e-01
4.284753203392028809e-01
3.220396041870117188e-01
5.317559242248535156e-01
2.237379252910614014e-01
4.171755313873291016e-01
3.411926627159118652e-01
3.486717939376831055e-01
4.298492670059204102e-01
3.275729417800903320e-01
4.245380461215972900e-01
3.713413476943969727e-01
3.083814382553100586e-01
4.031927883625030518e-01
3.866665661334991455e-01
3.347402811050415039e-01
4.244039654731750488e-01
2.726668119430541992e-01
3.083710670471191406e-01
4.205878078937530518e-01
4.094875454902648926e-01
4.033766090869903564e-01
3.399066627025604248e-01
3.394634127616882324e-01
3.454955220222473145e-01
3.872184157371520996e-01
4.555585384368896484e-01
2.726278603076934814e-01
4.043596386909484863e-01
4.136808812618255615e-01
4.221602976322174072e-01
3.987167775630950928e-01
2.603563070297241211e-01
4.678046703338623047e-01
4.074679613113403320e-01
2.277481555938720703e-01
3.236666619777679443e-01
3.168827593326568604e-01
4.596141576766967773e-01
4.293647408485412598e-01
2.614286541938781738e-01
4.700398147106170654e-01
3.427096009254455566e-01
4.739493131637573242e-01
4.473291635513305664e-01
4.691442251205444336e-01
4.749879837036132812e-01
2.691815495491027832e-01
3.305412530899047852e-01
4.787189364433288574e-01
3.126846551895141602e-01
3.954046666622161865e-01
3.160088360309600830e-01
3.521871566772460938e-01
4.708411395549774170e-01
4.318852126598358154e-01
3.310042917728424072e-01
2.411058545112609863e-01
3.785226643085479736e-01
4.493760466575622559e-01
5.712804794311523438e-01
3.747790455818176270e-01
5.911207199096679688e-01
3.363291621208190918e-01
2.936180233955383301e-01
2.433685362339019775e-01
4.893235862255096436e-01
3.181423544883728027e-01
3.401688933372497559e-01
2.884691357612609863e-01
2.943680286407470703e-01
2.874422073364257812e-01
4.329057037830352783e-01
4.971151351928710938e-01
2.984511852264404297e-01
3.064075708389282227e-01
2.795699834823608398e-01
3.309720754623413086e-01
2.791283130645751953e-01
4.931045472621917725e-01
2.398610860109329224e-01
5.003888607025146484e-01
2.633440792560577393e-01
2.868773341178894043e-01
4.308837056159973145e-01
3.170803189277648926e-01
2.342671155929565430e-01
2.987000346183776855e-01
3.963508605957031250e-01
3.287552297115325928e-01
3.312502801418304443e-01
3.442444205284118652e-01
4.506981968879699707e-01
3.938764035701751709e-01
2.018190324306488037e-01
3.729733228683471680e-01
3.863480687141418457e-01
4.023303985595703125e-01
4.490720629692077637e-01
4.074206650257110596e-01
4.934549629688262939e-01
5.035333037376403809e-01
4.101780354976654053e-01
2.509095072746276855e-01
3.475083112716674805e-01
5.944772958755493164e-01
4.006776213645935059e-01
3.658798336982727051e-01
3.999543190002441406e-01
4.691517949104309082e-01
3.118573427200317383e-01
3.886432349681854248e-01
3.519763350486755371e-01
5.227798223495483398e-01
3.263185620307922363e-01
3.659032583236694336e-01
4.548629820346832275e-01
3.239320516586303711e-01
4.214812219142913818e-01
3.614665865898132324e-01
4.230645596981048584e-01
3.558507859706878662e-01
2.933288812637329102e-01
2.900092005729675293e-01
3.278000056743621826e-01
5.255100131034851074e-01
4.660486280918121338e-01
3.605509996414184570e-01
3.322451114654541016e-01
3.350251019001007080e-01
4.199778437614440918e-01
3.459487557411193848e-01
3.482271730899810791e-01
4.282816648483276367e-01
3.030205070972442627e-01
4.452464580535888672e-01
3.902387022972106934e-01
3.746385574340820312e-01
4.780155718326568604e-01
3.439125716686248779e-01
3.274279236793518066e-01
3.485704064369201660e-01
3.900963664054870605e-01
3.376235365867614746e-01
2.361455261707305908e-01
2.332708239555358887e-01
3.260779976844787598e-01
3.482758998870849609e-01
3.036008477210998535e-01
3.441640436649322510e-01
3.855825066566467285e-01
3.668600022792816162e-01
4.745282232761383057e-01
4.688940644264221191e-01
3.897438645362854004e-01
5.083852410316467285e-01
3.085209727287292480e-01
1.543140113353729248e-01
4.747174084186553955e-01
4.488458037376403809e-01
3.050033152103424072e-01
4.282465577125549316e-01
3.493570387363433838e-01
2.983514070510864258e-01
4.485429227352142334e-01
3.759585618972778320e-01
4.188935756683349609e-01
2.945147454738616943e-01
3.109274804592132568e-01
2.629810869693756104e-01
3.945315480232238770e-01
3.354970812797546387e-01
3.344909846782684326e-01
5.086570382118225098e-01
2.845523357391357422e-01
4.027118086814880371e-01
3.677181601524353027e-01
4.090813398361206055e-01
3.033242225646972656e-01
3.533464968204498291e-01
4.294057190418243408e-01
3.258075714111328125e-01
4.191542863845825195e-01
3.394989669322967529e-01
5.311824083328247070e-01
4.975157976150512695e-01
4.317421317100524902e-01
3.689738512039184570e-01
4.058452248573303223e-01
3.470247983932495117e-01
3.716732561588287354e-01
3.950932025909423828e-01
4.261310100555419922e-01
3.080630302429199219e-01
3.793022930622100830e-01
2.760419845581054688e-01
3.241213858127593994e-01
4.132675826549530029e-01
2.756167948246002197e-01
3.345402777194976807e-01
4.298709034919738770e-01
4.760357439517974854e-01
2.769902348518371582e-01
4.733797013759613037e-01
4.905136823654174805e-01
2.513791322708129883e-01
3.407719135284423828e-01
4.844023287296295166e-01
3.664764165878295898e-01
3.092654049396514893e-01
3.665737509727478027e-01
4.099130332469940186e-01
2.707985043525695801e-01
3.856657147407531738e-01
4.683403968811035156e-01
5.104710459709167480e-01
3.051602244377136230e-01
3.889208436012268066e-01
3.819643259048461914e-01
3.193149864673614502e-01
5.404095649719238281e-01
3.807769417762756348e-01
3.634836673736572266e-01
5.453805923461914062e-01
2.666045427322387695e-01
3.215986490249633789e-01
5.002883672714233398e-01
2.861799597740173340e-01
3.083797693252563477e-01
3.373261988162994385e-01
5.672843456268310547e-01
3.203980326652526855e-01
4.449509680271148682e-01
3.388426005840301514e-01
3.074841499328613281e-01
3.223677873611450195e-01
2.956468462944030762e-01
3.074263036251068115e-01
5.193494558334350586e-01
3.269930779933929443e-01
3.881201148033142090e-01
3.833523392677307129e-01
3.759508132934570312e-01
3.149977326393127441e-01
4.993205666542053223e-01
4.744067192077636719e-01
2.640290856361389160e-01
3.882656097412109375e-01
3.634250760078430176e-01
4.256789684295654297e-01
3.609052300453186035e-01
3.090644478797912598e-01
5.269696712493896484e-01
3.307573199272155762e-01
3.537737727165222168e-01
5.022066235542297363e-01
2.915962934494018555e-01
2.450659871101379395e-01
2.818679213523864746e-01
4.227822721004486084e-01
3.641309738159179688e-01
3.462119102478027344e-01
4.326674342155456543e-01
5.902520418167114258e-01
3.591055274009704590e-01
3.440923690795898438e-01
3.571657538414001465e-01
4.314406514167785645e-01
2.621955871582031250e-01
3.559977710247039795e-01
4.013837575912475586e-01
2.665764689445495605e-01
3.487765491008758545e-01
4.832471609115600586e-01
3.852806985378265381e-01
3.050267994403839111e-01
3.085071444511413574e-01
3.537251353263854980e-01
4.310665428638458252e-01
3.831407725811004639e-01
3.946139514446258545e-01
3.793984949588775635e-01
2.501854896545410156e-01
2.882614135742187500e-01
4.790069758892059326e-01
3.942411243915557861e-01
2.668904066085815430e-01
3.899840116500854492e-01
4.241429567337036133e-01
3.904016315937042236e-01
3.593011200428009033e-01
3.681400418281555176e-01
3.064520359039306641e-01
3.779049515724182129e-01
3.651772141456604004e-01
3.208269178867340088e-01
4.067776203155517578e-01
3.324531614780426025e-01
2.838716208934783936e-01
3.553825616836547852e-01
3.350903987884521484e-01
3.753296136856079102e-01
3.141570091247558594e-01
3.196832537651062012e-01
3.081982135772705078e-01
4.768947660923004150e-01
4.933470189571380615e-01
3.719622790813446045e-01
5.231589674949645996e-01
3.798619806766510010e-01
4.395739138126373291e-01
3.539309203624725342e-01
3.676284551620483398e-01
2.872809767723083496e-01
4.328257739543914795e-01
3.264730274677276611e-01
3.916526138782501221e-01
4.493141770362854004e-01
3.999986052513122559e-01
3.238299489021301270e-01
2.438886910676956177e-01
3.174489736557006836e-01
3.850534856319427490e-01
2.371076792478561401e-01
2.506483793258666992e-01
4.527027010917663574e-01
2.907742261886596680e-01
5.237149000167846680e-01
3.717148303985595703e-01
3.282818794250488281e-01
5.184993743896484375e-01
6.071932315826416016e-01
4.782436490058898926e-01
3.756240606307983398e-01
2.743421494960784912e-01
2.918724119663238525e-01
4.674173891544342041e-01
3.121091127395629883e-01
3.465369343757629395e-01
3.276096582412719727e-01
2.754502892494201660e-01
2.906016111373901367e-01
3.433966338634490967e-01
4.225652813911437988e-01
4.831849336624145508e-01
3.900057673454284668e-01
4.645602703094482422e-01
3.497061431407928467e-01
3.814297616481781006e-01
4.121352434158325195e-01
3.345420956611633301e-01
3.300837576389312744e-01
3.988376557826995850e-01
2.924702167510986328e-01
3.860303759574890137e-01
4.615349173545837402e-01
5.189175009727478027e-01
3.879686892032623291e-01
3.751176893711090088e-01
4.660026431083679199e-01
3.214063048362731934e-01
2.994583249092102051e-01
4.466509521007537842e-01
5.677861571311950684e-01
3.234496116638183594e-01
4.207628667354583740e-01
2.756254076957702637e-01
3.249585628509521484e-01
3.754365146160125732e-01
3.193672895431518555e-01
3.773930668830871582e-01
4.042624235153198242e-01
4.088981449604034424e-01
3.954682350158691406e-01
4.738949537277221680e-01
3.215914368629455566e-01
3.245720267295837402e-01
4.007954001426696777e-01
3.438805043697357178e-01
3.675084412097930908e-01
4.123233556747436523e-01
3.367295861244201660e-01
3.070993721485137939e-01
1.884026229381561279e-01
3.066570460796356201e-01
4.292476773262023926e-01
2.334877997636795044e-01
5.608698129653930664e-01
4.267390370368957520e-01
2.968688011169433594e-01
3.462029695510864258e-01
4.610300362110137939e-01
2.146786451339721680e-01
4.736167490482330322e-01
2.493260055780410767e-01
5.274166464805603027e-01
3.955032825469970703e-01
3.240229487419128418e-01
3.858717083930969238e-01
3.906923830509185791e-01
4.287143945693969727e-01
4.319005012512207031e-01
3.320213556289672852e-01
3.989104628562927246e-01
3.194145560264587402e-01
3.479018807411193848e-01
4.467055797576904297e-01
3.555636703968048096e-01
4.596381485462188721e-01
3.586547970771789551e-01
3.593342304229736328e-01
3.688473701477050781e-01
4.327088594436645508e-01
3.710563480854034424e-01
3.981727957725524902e-01
3.316717743873596191e-01
4.306361973285675049e-01
3.923701047897338867e-01
3.069320917129516602e-01
2.681541442871093750e-01
4.302002191543579102e-01
3.962306976318359375e-01
3.226220309734344482e-01
3.346211016178131104e-01
3.660456836223602295e-01
3.498691916465759277e-01
3.129688203334808350e-01
3.283944129943847656e-01
4.109430015087127686e-01
3.238471746444702148e-01
3.313877880573272705e-01
6.023234128952026367e-01
4.566949009895324707e-01
3.998135924339294434e-01
2.972796559333801270e-01
3.478547036647796631e-01
4.002223610877990723e-01
4.306853413581848145e-01
2.684259414672851562e-01
4.003123641014099121e-01
3.848180174827575684e-01
1.657582819461822510e-01
4.362235367298126221e-01
2.644971311092376709e-01
4.783000946044921875e-01
3.063203692436218262e-01
3.301930129528045654e-01
3.500805497169494629e-01
3.256251215934753418e-01
4.898859858512878418e-01
4.450243711471557617e-01
3.267220556735992432e-01
4.004883170127868652e-01
3.274934589862823486e-01
4.701105952262878418e-01
3.915851116180419922e-01
2.989735901355743408e-01
4.025880098342895508e-01
2.535991668701171875e-01
3.271588087081909180e-01
3.837054967880249023e-01
3.336168825626373291e-01
4.201652407646179199e-01
3.561828136444091797e-01
5.173103213310241699e-01
3.339129984378814697e-01
4.351774454116821289e-01
3.293280303478240967e-01
3.733603954315185547e-01
3.916550874710083008e-01
2.872037291526794434e-01
4.390543699264526367e-01
2.943589687347412109e-01
4.237486124038696289e-01
4.439555704593658447e-01
3.575496077537536621e-01
3.107131421566009521e-01
1.995410621166229248e-01
3.365553915500640869e-01
2.895898520946502686e-01
4.626958966255187988e-01
2.422766536474227905e-01
3.105334043502807617e-01
3.792330622673034668e-01
4.169704318046569824e-01
2.679767012596130371e-01
3.750448822975158691e-01
3.112216591835021973e-01
3.527345061302185059e-01
3.361144363880157471e-01
2.962442636489868164e-01
4.106824398040771484e-01
2.431155890226364136e-01
4.945105910301208496e-01
4.951378107070922852e-01
3.051702976226806641e-01
4.252103567123413086e-01
2.973762750625610352e-01
4.432103335857391357e-01
3.742418289184570312e-01
4.270110726356506348e-01
3.579706549644470215e-01
3.883451223373413086e-01
4.381518959999084473e-01
4.040732383728027344e-01
2.292698174715042114e-01
4.241588711738586426e-01
6.139228343963623047e-01
4.547021389007568359e-01
3.455803394317626953e-01
2.635816633701324463e-01
3.741672337055206299e-01
2.824518978595733643e-01
4.177282452583312988e-01
3.852993249893188477e-01
2.987886071205139160e-01
2.728383541107177734e-01
5.173888206481933594e-01
3.024582266807556152e-01
4.876895844936370850e-01
3.614957034587860107e-01
4.602818191051483154e-01
3.942154645919799805e-01
3.182617425918579102e-01
3.903427124023437500e-01
4.130773544311523438e-01
3.388792872428894043e-01
4.137051105499267578e-01
3.040549159049987793e-01
3.517150878906250000e-01
2.390694320201873779e-01
2.969409823417663574e-01
2.685899138450622559e-01
4.713396131992340088e-01
3.778337836265563965e-01
2.711810171604156494e-01
3.525680899620056152e-01
3.374713063240051270e-01
4.192948639392852783e-01
3.806747496128082275e-01
4.037667810916900635e-01
5.310838222503662109e-01
3.366256058216094971e-01
4.216630458831787109e-01
2.920792698860168457e-01
3.653639554977416992e-01
4.274698495864868164e-01
3.094731271266937256e-01
3.428843617439270020e-01
3.085961639881134033e-01
4.405632019042968750e-01
3.194072842597961426e-01
3.297785818576812744e-01
3.678218722343444824e-01
3.663746714591979980e-01
3.730239868164062500e-01
4.852156639099121094e-01
2.351249456405639648e-01
3.836606144905090332e-01
3.718020617961883545e-01
4.787134528160095215e-01
4.847772419452667236e-01
2.843896746635437012e-01
3.437155187129974365e-01
3.123249411582946777e-01
5.312007069587707520e-01
3.860346376895904541e-01
4.460269212722778320e-01
4.246107339859008789e-01
3.593647480010986328e-01
3.260501325130462646e-01
3.973277807235717773e-01
4.139816164970397949e-01
3.023497462272644043e-01
3.457170724868774414e-01
2.226328551769256592e-01
4.197853505611419678e-01
2.923731207847595215e-01
4.993970096111297607e-01
3.513213098049163818e-01
3.088002800941467285e-01
4.804588556289672852e-01
4.557095766067504883e-01
2.972569465637207031e-01
3.428682684898376465e-01
3.372890353202819824e-01
3.587411046028137207e-01
3.445500135421752930e-01
3.155477344989776611e-01
3.739948868751525879e-01
2.622689902782440186e-01
3.889628350734710693e-01
2.758794128894805908e-01
3.835977613925933838e-01
3.235347270965576172e-01
3.380542695522308350e-01
4.096820354461669922e-01
3.879996836185455322e-01
2.651857435703277588e-01
2.755983471870422363e-01
4.103464186191558838e-01
3.832948207855224609e-01
3.257769346237182617e-01
2.542596161365509033e-01
3.944287598133087158e-01
3.891879916191101074e-01
2.254151105880737305e-01
4.198689758777618408e-01
2.238371074199676514e-01
3.754360377788543701e-01
5.263030529022216797e-01
2.737984061241149902e-01
3.271188139915466309e-01
3.169992566108703613e-01
4.778207838535308838e-01
3.222734034061431885e-01
5.301370024681091309e-01
5.413681268692016602e-01
3.465324342250823975e-01
4.357634186744689941e-01
4.632555246353149414e-01
2.770811319351196289e-01
3.128061294555664062e-01
4.637887477874755859e-01
3.875776827335357666e-01
3.165839612483978271e-01
5.501736402511596680e-01
4.763676524162292480e-01
4.433477818965911865e-01
4.301025271415710449e-01
4.018097519874572754e-01
3.998133540153503418e-01
3.225386738777160645e-01
2.907410264015197754e-01
3.347269892692565918e-01
4.313326776027679443e-01
4.348912239074707031e-01
3.954344391822814941e-01
3.291206359863281250e-01
4.531292915344238281e-01
2.737174034118652344e-01
3.883908987045288086e-01
2.828199863433837891e-01
3.831636905670166016e-01
5.032646656036376953e-01
3.333328366279602051e-01
5.514167547225952148e-01
3.221308588981628418e-01
2.749868631362915039e-01
4.565862417221069336e-01
5.438042879104614258e-01
3.442782163619995117e-01
4.421591758728027344e-01
4.347528517246246338e-01
4.054405689239501953e-01
2.882628440856933594e-01
3.654132485389709473e-01
3.398365378379821777e-01
3.874943256378173828e-01
2.032946646213531494e-01
2.743221521377563477e-01
3.812419176101684570e-01
4.038382470607757568e-01
5.308287739753723145e-01
4.198856651782989502e-01
5.008864402770996094e-01
4.496922492980957031e-01
3.416798710823059082e-01
2.997483015060424805e-01
3.619805574417114258e-01
2.961919009685516357e-01
3.137164115905761719e-01
3.108580112457275391e-01
3.736990094184875488e-01
5.139222145080566406e-01
2.737214565277099609e-01
2.523590624332427979e-01
3.411604166030883789e-01
3.029928803443908691e-01
5.369120836257934570e-01
4.445869326591491699e-01
3.371538519859313965e-01
2.831414043903350830e-01
4.176818430423736572e-01
3.624526858329772949e-01
2.828599214553833008e-01
3.414545953273773193e-01
2.517173290252685547e-01
2.833155095577239990e-01
2.271337807178497314e-01
5.543503165245056152e-01
4.072360396385192871e-01
3.681654930114746094e-01
2.438323199748992920e-01
4.129911065101623535e-01
3.602868914604187012e-01
3.183801174163818359e-01
5.834997892379760742e-01
4.698955416679382324e-01
3.644793927669525146e-01
4.770659208297729492e-01
4.446991086006164551e-01
2.962477207183837891e-01
3.760979175567626953e-01
4.424827992916107178e-01
4.629988670349121094e-01
3.993071913719177246e-01
4.094170928001403809e-01
4.472381472587585449e-01
3.139590620994567871e-01
3.345558643341064453e-01
3.384561836719512939e-01
4.206253886222839355e-01
3.201351165771484375e-01
4.015666842460632324e-01
2.838538289070129395e-01
3.062595129013061523e-01
3.931973576545715332e-01
3.333913683891296387e-01
4.674533307552337646e-01
4.039517641067504883e-01
4.195307493209838867e-01
2.838853299617767334e-01
4.723222851753234863e-01
3.753885626792907715e-01
3.001865744590759277e-01
2.463548183441162109e-01
4.076575636863708496e-01
3.241783976554870605e-01
3.906226158142089844e-01
3.991251289844512939e-01
4.048128426074981689e-01
3.466585278511047363e-01
2.697082757949829102e-01
1.726127266883850098e-01
3.450554609298706055e-01
3.021543622016906738e-01
2.982383966445922852e-01
3.674382865428924561e-01
4.415131509304046631e-01
3.900262713432312012e-01
3.520163297653198242e-01
3.304136693477630615e-01
3.750036060810089111e-01
4.362459182739257812e-01
4.148299098014831543e-01
3.458923399448394775e-01
3.633215427398681641e-01
4.043855071067810059e-01
3.117687702178955078e-01
3.055794537067413330e-01
3.584583401679992676e-01
3.918256163597106934e-01
3.442343473434448242e-01
3.882465958595275879e-01
3.136382699012756348e-01
3.518676161766052246e-01
3.857788443565368652e-01
4.091808199882507324e-01
4.732726216316223145e-01
4.225845932960510254e-01
4.047253727912902832e-01
4.800568819046020508e-01
3.048338294029235840e-01
3.419561386108398438e-01
4.035382866859436035e-01
3.486205339431762695e-01
3.888908028602600098e-01
3.028667569160461426e-01
2.995534241199493408e-01
2.266157418489456177e-01
3.935196995735168457e-01
3.644412755966186523e-01
3.183277249336242676e-01
3.637314438819885254e-01
3.663361966609954834e-01
2.673539817333221436e-01
2.953848838806152344e-01
3.804616928100585938e-01
3.149275481700897217e-01
4.141646325588226318e-01
2.962794005870819092e-01
4.245420098304748535e-01
3.175573348999023438e-01
2.363404929637908936e-01
3.114390075206756592e-01
3.912441730499267578e-01
3.251385688781738281e-01
3.281861245632171631e-01
3.418391346931457520e-01
2.750673294067382812e-01
4.298729896545410156e-01
3.697901070117950439e-01
3.614884614944458008e-01
2.143587172031402588e-01
3.329141438007354736e-01
3.597239851951599121e-01
4.493017196655273438e-01
2.746998071670532227e-01
3.246181607246398926e-01
3.854872882366180420e-01
3.978137671947479248e-01
4.385145902633666992e-01
2.977576851844787598e-01
3.418830931186676025e-01
3.614078760147094727e-01
3.717108368873596191e-01
3.453688025474548340e-01
4.197033941745758057e-01
4.805847406387329102e-01
3.739269375801086426e-01
2.554291486740112305e-01
2.803921699523925781e-01
3.025722503662109375e-01
2.733733057975769043e-01
5.164380073547363281e-01
3.777837157249450684e-01
4.483600854873657227e-01
3.662170767784118652e-01
3.347598016262054443e-01
4.057427346706390381e-01
3.436205685138702393e-01
5.550940632820129395e-01
5.184727907180786133e-01
4.017835259437561035e-01
4.715103507041931152e-01
3.953250646591186523e-01
3.845274746417999268e-01
2.905812859535217285e-01
4.830513000488281250e-01
3.153502941131591797e-01
3.498889505863189697e-01
5.099598765373229980e-01
4.109090268611907959e-01
5.587353706359863281e-01
6.187416315078735352e-01
3.641536831855773926e-01
2.498156726360321045e-01
4.272756576538085938e-01
3.540438711643218994e-01
4.263914823532104492e-01
4.242057502269744873e-01
5.385160446166992188e-01
3.802570700645446777e-01
3.636630773544311523e-01
2.809374034404754639e-01
4.880266189575195312e-01
5.086125135421752930e-01
4.340081214904785156e-01
2.520001530647277832e-01
3.604697287082672119e-01
3.004175424575805664e-01
2.884603142738342285e-01
3.142519891262054443e-01
3.629944324493408203e-01
3.951283693313598633e-01
2.958435118198394775e-01
2.671917974948883057e-01
3.267906308174133301e-01
3.727518618106842041e-01
3.813610970973968506e-01
2.908112108707427979e-01
2.932687997817993164e-01
3.722488284111022949e-01
4.452475309371948242e-01
3.066908121109008789e-01
3.334380388259887695e-01
2.916263937950134277e-01
3.168130517005920410e-01
3.984056711196899414e-01
3.863075375556945801e-01
3.349732756614685059e-01
4.359194934368133545e-01
3.040468394756317139e-01
2.954191267490386963e-01
2.730419933795928955e-01
3.462315797805786133e-01
3.308605253696441650e-01
3.266701698303222656e-01
3.189166784286499023e-01
3.020049929618835449e-01
3.739250004291534424e-01
4.915373325347900391e-01
4.626305103302001953e-01
3.793373703956604004e-01
3.925049304962158203e-01
4.113161265850067139e-01
3.661854863166809082e-01
5.267645716667175293e-01
3.766749203205108643e-01
4.307087659835815430e-01
4.303434193134307861e-01
3.290637135505676270e-01
4.123149514198303223e-01
4.216895103454589844e-01
3.206214010715484619e-01
4.615612030029296875e-01
4.220173060894012451e-01
4.099645018577575684e-01
3.203481435775756836e-01
3.487870693206787109e-01
3.007223606109619141e-01
3.384295403957366943e-01
3.315334320068359375e-01
3.942437469959259033e-01
4.183360040187835693e-01
2.992806434631347656e-01
2.577941119670867920e-01
4.756172001361846924e-01
3.163507580757141113e-01
3.488404154777526855e-01
3.674927949905395508e-01
4.769862890243530273e-01
3.582993745803833008e-01
4.159332513809204102e-01
3.959106206893920898e-01
4.807310104370117188e-01
2.952345013618469238e-01
3.010074496269226074e-01
5.416669845581054688e-01
3.442895412445068359e-01
4.614405035972595215e-01
3.563461005687713623e-01
3.124000728130340576e-01
2.432895600795745850e-01
3.365697860717773438e-01
3.490023612976074219e-01
4.015117287635803223e-01
4.230023324489593506e-01
2.807879745960235596e-01
2.904159128665924072e-01
4.185548126697540283e-01
3.643497824668884277e-01
5.975646972656250000e-01
3.828485906124114990e-01
2.427318543195724487e-01
3.621788024902343750e-01
2.254467308521270752e-01
2.813715636730194092e-01
3.474078774452209473e-01
2.745354175567626953e-01
3.707538247108459473e-01
2.262454330921173096e-01
3.201517164707183838e-01
3.228129148483276367e-01
2.552703320980072021e-01
3.919247388839721680e-01
4.169045090675354004e-01
5.159730911254882812e-01
4.072278141975402832e-01
3.585223555564880371e-01
2.920396924018859863e-01
3.411578834056854248e-01
3.784205913543701172e-01
3.008899092674255371e-01
3.522451817989349365e-01
4.371927976608276367e-01
3.543490469455718994e-01
3.039039075374603271e-01
3.991518318653106689e-01
3.435187637805938721e-01
2.628439664840698242e-01
4.286033213138580322e-01
4.817665219306945801e-01
4.722638130187988281e-01
2.865847349166870117e-01
3.737621307373046875e-01
3.860629200935363770e-01
4.998738765716552734e-01
3.623721003532409668e-01
2.390466332435607910e-01
3.551304936408996582e-01
3.227751851081848145e-01
3.104100227355957031e-01
3.959276676177978516e-01
3.813041448593139648e-01
4.859986305236816406e-01
3.503875136375427246e-01
3.782897293567657471e-01
3.382409512996673584e-01
3.722910881042480469e-01
4.795087575912475586e-01
4.018273651599884033e-01
2.825969457626342773e-01
3.338678479194641113e-01
4.292408227920532227e-01
2.952551543712615967e-01
3.307935595512390137e-01
3.126951456069946289e-01
5.264009237289428711e-01
2.430673241615295410e-01
3.723865449428558350e-01
3.383490443229675293e-01
2.390547990798950195e-01
3.118515014648437500e-01
4.180942177772521973e-01
4.327580928802490234e-01
2.458009421825408936e-01
3.252003192901611328e-01
4.222142696380615234e-01
5.423215031623840332e-01
4.441914856433868408e-01
3.802328109741210938e-01
3.535846471786499023e-01
4.055010676383972168e-01
2.899678945541381836e-01
4.404646456241607666e-01
3.581460714340209961e-01
3.942919373512268066e-01
2.894220352172851562e-01
4.366664290428161621e-01
3.248186111450195312e-01
5.169536471366882324e-01
3.492616415023803711e-01
4.674916267395019531e-01
3.618866205215454102e-01
3.269467353820800781e-01
2.508931159973144531e-01
3.271768689155578613e-01
3.499149382114410400e-01
3.269630074501037598e-01
3.099205493927001953e-01
4.925757050514221191e-01
4.401971101760864258e-01
4.295744001865386963e-01
4.217576086521148682e-01
4.374219477176666260e-01
2.085382938385009766e-01
3.822805285453796387e-01
3.523196280002593994e-01
3.587538003921508789e-01
3.553959131240844727e-01
3.136643767356872559e-01
3.098567724227905273e-01
2.519528269767761230e-01
2.932031750679016113e-01
3.738529086112976074e-01
4.644068181514739990e-01
2.739709913730621338e-01
4.245394468307495117e-01
4.008249640464782715e-01
2.456696331501007080e-01
4.176518619060516357e-01
3.963365554809570312e-01
2.816779315471649170e-01
3.915258049964904785e-01
3.846640884876251221e-01
3.563435077667236328e-01
4.243439435958862305e-01
3.980687558650970459e-01
3.857260346412658691e-01
3.998674750328063965e-01
3.043110668659210205e-01
3.405267000198364258e-01
3.136938214302062988e-01
5.828646421432495117e-01
3.605172634124755859e-01
4.195848703384399414e-01
3.644202351570129395e-01
3.069245815277099609e-01
4.563705623149871826e-01
2.885935902595520020e-01
3.748041689395904541e-01
3.163151144981384277e-01
3.155357837677001953e-01
5.209618210792541504e-01
3.726287782192230225e-01
2.974797785282135010e-01
2.267600297927856445e-01
3.041664958000183105e-01
2.426740676164627075e-01
3.919799923896789551e-01
4.063311517238616943e-01
4.240253567695617676e-01
3.074820637702941895e-01
4.622013866901397705e-01
4.050250053405761719e-01
3.147270977497100830e-01
4.662030935287475586e-01
3.154841661453247070e-01
3.912569582462310791e-01
3.862094581127166748e-01
4.009473919868469238e-01
3.128219246864318848e-01
4.844179451465606689e-01
3.547300100326538086e-01
2.524924874305725098e-01
5.551866888999938965e-01
5.304479598999023438e-01
3.881942629814147949e-01
4.090491533279418945e-01
3.597482144832611084e-01
3.536624908447265625e-01
4.279133975505828857e-01
3.393295407295227051e-01
2.265399098396301270e-01
3.991184234619140625e-01
3.028606176376342773e-01
2.674024701118469238e-01
4.807231426239013672e-01
2.860757708549499512e-01
5.799370408058166504e-01
3.670407533645629883e-01
3.415749967098236084e-01
2.696694433689117432e-01
3.726974129676818848e-01
2.878188490867614746e-01
3.600212931632995605e-01
4.291202425956726074e-01
3.659957051277160645e-01
2.827226221561431885e-01
3.367784619331359863e-01
2.915907204151153564e-01
4.285063445568084717e-01
2.756740450859069824e-01
5.266628265380859375e-01
2.740206718444824219e-01
4.103582501411437988e-01
4.330374002456665039e-01
4.118168652057647705e-01
3.910368382930755615e-01
5.278111100196838379e-01
4.147442579269409180e-01
3.240194320678710938e-01
2.321379929780960083e-01
2.365658283233642578e-01
3.198379874229431152e-01
2.917934954166412354e-01
3.314816951751708984e-01
3.056053519248962402e-01
4.643310308456420898e-01
3.880856633186340332e-01
2.890668511390686035e-01
4.387064576148986816e-01
4.157956540584564209e-01
3.210438489913940430e-01
4.779925942420959473e-01
3.485615849494934082e-01
3.562786579132080078e-01
3.730373382568359375e-01
3.737012147903442383e-01
4.064756035804748535e-01
4.210782051086425781e-01
5.043408870697021484e-01
3.404384851455688477e-01
3.342710137367248535e-01
3.759946823120117188e-01
3.009335398674011230e-01
3.171320557594299316e-01
3.557105362415313721e-01
3.706110715866088867e-01
2.573633193969726562e-01
3.095094561576843262e-01
2.943001687526702881e-01
3.234700858592987061e-01
2.875022888183593750e-01
2.409584522247314453e-01
3.071892857551574707e-01
3.339704871177673340e-01
2.117243111133575439e-01
4.480853676795959473e-01
5.298136472702026367e-01
4.982852935791015625e-01
5.166995525360107422e-01
2.673164904117584229e-01
4.735951423645019531e-01
3.741802573204040527e-01
2.422077953815460205e-01
3.286643922328948975e-01
3.366402387619018555e-01
3.156664967536926270e-01
4.126200079917907715e-01
3.660820722579956055e-01
3.519533276557922363e-01
5.131116509437561035e-01
3.432442545890808105e-01
3.636484742164611816e-01
3.258045911788940430e-01
4.747738242149353027e-01
4.785232841968536377e-01
4.368112385272979736e-01
4.522628188133239746e-01
3.306449353694915771e-01
3.222570419311523438e-01
2.962574660778045654e-01
4.043954908847808838e-01
3.011066317558288574e-01
4.238173961639404297e-01
3.105057179927825928e-01
3.856846094131469727e-01
4.058942198753356934e-01
3.600927591323852539e-01
3.639625310897827148e-01
4.596951007843017578e-01
4.133022725582122803e-01
4.455927014350891113e-01
3.581463694572448730e-01
3.916661143302917480e-01
4.112564623355865479e-01
3.442402482032775879e-01
4.984953701496124268e-01
3.682744204998016357e-01
2.699705362319946289e-01
2.743976116180419922e-01
2.371028363704681396e-01
6.029974222183227539e-01
3.935451507568359375e-01
3.668353557586669922e-01
3.609479069709777832e-01
2.298874557018280029e-01
3.820624053478240967e-01
3.369747996330261230e-01
4.171340167522430420e-01
3.588830828666687012e-01
3.213439881801605225e-01
2.691199183464050293e-01
4.413257241249084473e-01
4.162304997444152832e-01
3.710753917694091797e-01
4.721777439117431641e-01
3.590062260627746582e-01
3.694203495979309082e-01
4.209560155868530273e-01
2.759945988655090332e-01
3.091472983360290527e-01
2.966287434101104736e-01
4.160771965980529785e-01
3.656227588653564453e-01
2.492782920598983765e-01
3.869397044181823730e-01
5.742794275283813477e-01
5.288173556327819824e-01
3.413719236850738525e-01
5.237873792648315430e-01
4.187592864036560059e-01
4.107252359390258789e-01
3.520953655242919922e-01
3.549162745475769043e-01
3.397248983383178711e-01
4.046622216701507568e-01
3.285810351371765137e-01
4.317502677440643311e-01
4.827278256416320801e-01
3.847655951976776123e-01
3.300006985664367676e-01
4.076444506645202637e-01
4.227604866027832031e-01
3.115068674087524414e-01
3.246763944625854492e-01
2.909916043281555176e-01
3.395346999168395996e-01
2.593860924243927002e-01
2.649172544479370117e-01
3.018221259117126465e-01
3.425220847129821777e-01
2.792505621910095215e-01
3.153501152992248535e-01
2.847382724285125732e-01
5.126062631607055664e-01
3.516636192798614502e-01
3.483419716358184814e-01
3.746104836463928223e-01
3.484830558300018311e-01
4.305058121681213379e-01
4.173613488674163818e-01
5.328127145767211914e-01
4.482678174972534180e-01
2.762891054153442383e-01
3.556487858295440674e-01
3.405767083168029785e-01
4.151454567909240723e-01
3.607589602470397949e-01
3.656082749366760254e-01
3.560979962348937988e-01
2.535483241081237793e-01
2.845710515975952148e-01
4.440688788890838623e-01
3.265039324760437012e-01
2.492328286170959473e-01
3.651806116104125977e-01
4.102590680122375488e-01
5.164245963096618652e-01
3.366622924804687500e-01
3.911853134632110596e-01
4.706734418869018555e-01
2.632814049720764160e-01
2.905826866626739502e-01
5.534923076629638672e-01
2.989303469657897949e-01
4.367680549621582031e-01
4.542478322982788086e-01
4.038926959037780762e-01
4.127995669841766357e-01
4.630859792232513428e-01
4.164053201675415039e-01
3.427402973175048828e-01
2.849497199058532715e-01
4.158659577369689941e-01
3.974133729934692383e-01
3.022656440734863281e-01
3.244045972824096680e-01
4.435387551784515381e-01
2.279820293188095093e-01
3.375313878059387207e-01
3.882426023483276367e-01
4.522705078125000000e-01
3.286039829254150391e-01
2.261100709438323975e-01
3.134488463401794434e-01
3.560793995857238770e-01
4.464702606201171875e-01
4.216622412204742432e-01
3.659838140010833740e-01
3.874665200710296631e-01
4.225592017173767090e-01
4.036804139614105225e-01
3.188983201980590820e-01
4.883473515510559082e-01
3.376911282539367676e-01
3.743335008621215820e-01
2.820470035076141357e-01
2.648579478263854980e-01
4.147584140300750732e-01
2.696712017059326172e-01
3.320634067058563232e-01
6.371937394142150879e-01
4.743142127990722656e-01
4.738609790802001953e-01
4.074387550354003906e-01
2.824588418006896973e-01
2.933335602283477783e-01
3.695662617683410645e-01
3.107876777648925781e-01
5.912588834762573242e-01
3.172012567520141602e-01
2.238016277551651001e-01
3.387506604194641113e-01
3.257755637168884277e-01
4.448184370994567871e-01
3.021422624588012695e-01
3.349976539611816406e-01
4.445617198944091797e-01
4.165484309196472168e-01
4.407156407833099365e-01
4.054602384567260742e-01
4.055630862712860107e-01
4.250484704971313477e-01
2.982773482799530029e-01
3.544365465641021729e-01
3.019375801086425781e-01
3.821395337581634521e-01
4.208641648292541504e-01
3.836192488670349121e-01
3.717749118804931641e-01
3.706272840499877930e-01
2.889909148216247559e-01
1.727321594953536987e-01
2.118416577577590942e-01
3.173896670341491699e-01
4.109787940979003906e-01
2.512194514274597168e-01
2.520632147789001465e-01
3.495258390903472900e-01
4.218304157257080078e-01
4.532258510589599609e-01
4.322190880775451660e-01
3.521301746368408203e-01
4.492587447166442871e-01
3.094604015350341797e-01
3.328407108783721924e-01
3.896825611591339111e-01
4.578364789485931396e-01
3.168694972991943359e-01
2.855921387672424316e-01
3.935380876064300537e-01
2.268307805061340332e-01
2.898207306861877441e-01
2.571701407432556152e-01
4.512440562248229980e-01
3.439576029777526855e-01
2.826814353466033936e-01
2.449842244386672974e-01
4.282423257827758789e-01
2.869514226913452148e-01
4.798985123634338379e-01
2.874373197555541992e-01
2.599487006664276123e-01
5.926285386085510254e-01
2.072630226612091064e-01
5.026732683181762695e-01
4.525430202484130859e-01
5.493164062500000000e-01
3.625105917453765869e-01
3.113118112087249756e-01
4.705522358417510986e-01
3.536608219146728516e-01
3.639872968196868896e-01
3.290497660636901855e-01
3.647019565105438232e-01
3.488879203796386719e-01
2.615653872489929199e-01
2.415743768215179443e-01
1.821653842926025391e-01
3.804833889007568359e-01
2.919862866401672363e-01
4.609566926956176758e-01
3.480378091335296631e-01
2.833837568759918213e-01
3.786100745201110840e-01
2.907235622406005859e-01
4.315866231918334961e-01
3.032664656639099121e-01
2.889499068260192871e-01
3.308098018169403076e-01
4.116216897964477539e-01
4.063603878021240234e-01
3.706046938896179199e-01
3.225452005863189697e-01
4.762754440307617188e-01
3.408492803573608398e-01
4.443169832229614258e-01
5.230832099914550781e-01
4.081685841083526611e-01
3.943572044372558594e-01
4.045125246047973633e-01
3.928480148315429688e-01
3.951157629489898682e-01
3.889558315277099609e-01
4.201915264129638672e-01
3.074241876602172852e-01
3.881676197052001953e-01
1.997445225715637207e-01
4.989942014217376709e-01
2.818220853805541992e-01
2.841597497463226318e-01
2.811976671218872070e-01
2.559945285320281982e-01
2.149685025215148926e-01
3.516577184200286865e-01
2.094559371471405029e-01
3.115245103836059570e-01
4.892673194408416748e-01
3.726891875267028809e-01
2.677839398384094238e-01
3.223459720611572266e-01
4.501030147075653076e-01
4.264341294765472412e-01
4.172008931636810303e-01
3.688935637474060059e-01
3.867998719215393066e-01
3.305265903472900391e-01
4.288987517356872559e-01
2.322335839271545410e-01
4.147754311561584473e-01
4.312541782855987549e-01
2.838470339775085449e-01
4.574449360370635986e-01
4.689646661281585693e-01
2.500993013381958008e-01
2.565698921680450439e-01
3.715457320213317871e-01
2.110298573970794678e-01
3.565802872180938721e-01
3.805562257766723633e-01
3.824681341648101807e-01
4.093351960182189941e-01
3.079618215560913086e-01
3.091847300529479980e-01
2.796988487243652344e-01
3.878107666969299316e-01
3.284968733787536621e-01
3.687792718410491943e-01
3.591747879981994629e-01
3.663110733032226562e-01
3.227668702602386475e-01
3.078101873397827148e-01
2.739472389221191406e-01
5.557107925415039062e-01
2.888320088386535645e-01
3.535422086715698242e-01
3.308840692043304443e-01
3.026237189769744873e-01
3.575077354907989502e-01
3.348077535629272461e-01
2.441727221012115479e-01
3.571318984031677246e-01
3.652313351631164551e-01
5.055282115936279297e-01
3.984085321426391602e-01
4.054796993732452393e-01
3.044772148132324219e-01
3.809108734130859375e-01
2.558020651340484619e-01
3.960940837860107422e-01
4.309810400009155273e-01
3.635378181934356689e-01
4.732064902782440186e-01
3.260679841041564941e-01
4.100610911846160889e-01
3.349820971488952637e-01
2.905520200729370117e-01
4.132256507873535156e-01
2.750846147537231445e-01
3.330100774765014648e-01
4.234495759010314941e-01
4.038319587707519531e-01
3.793206214904785156e-01
2.459885478019714355e-01
6.085497140884399414e-01
3.912742733955383301e-01
3.690041601657867432e-01
2.684577703475952148e-01
2.492369264364242554e-01
2.777294516563415527e-01
1.915270686149597168e-01
2.988807559013366699e-01
2.620444893836975098e-01
3.444373309612274170e-01
3.246474266052246094e-01
2.176769822835922241e-01
3.317334055900573730e-01
4.289441406726837158e-01
4.213792681694030762e-01
3.650427460670471191e-01
2.024616003036499023e-01
4.331656992435455322e-01
3.761079311370849609e-01
5.061289668083190918e-01
3.716374933719635010e-01
5.130547881126403809e-01
3.773464560508728027e-01
3.143624663352966309e-01
3.422181606292724609e-01
3.446868062019348145e-01
2.943406105041503906e-01
3.221779465675354004e-01
4.528384208679199219e-01
3.421711325645446777e-01
3.454985022544860840e-01
3.621845841407775879e-01
2.943902015686035156e-01
2.717351317405700684e-01
4.673991799354553223e-01
3.267301619052886963e-01
3.801383078098297119e-01
3.232274651527404785e-01
2.862607836723327637e-01
4.104530215263366699e-01
4.327212870121002197e-01
3.367501497268676758e-01
3.825688362121582031e-01
3.251663446426391602e-01
4.483120143413543701e-01
6.409080624580383301e-01
3.347370624542236328e-01
3.545298576354980469e-01
3.151130676269531250e-01
3.925551772117614746e-01
3.063319325447082520e-01
4.584360122680664062e-01
4.266013503074645996e-01
3.210554122924804688e-01
2.765021324157714844e-01
4.910989999771118164e-01
3.444473147392272949e-01
5.145561099052429199e-01
4.645676314830780029e-01
4.885135889053344727e-01
4.352217614650726318e-01
3.318904340267181396e-01
3.543441891670227051e-01
3.749463558197021484e-01
2.967894375324249268e-01
4.148212075233459473e-01
4.055976867675781250e-01
2.807327508926391602e-01
3.301311135292053223e-01
4.126611053943634033e-01
6.459994912147521973e-01
5.894937515258789062e-01
4.235128760337829590e-01
3.077892661094665527e-01
3.459365367889404297e-01
3.706885278224945068e-01
2.962273955345153809e-01
2.737733125686645508e-01
3.620190620422363281e-01
3.700939118862152100e-01
4.140684604644775391e-01
3.912508189678192139e-01
4.627714753150939941e-01
4.281420707702636719e-01
3.822373747825622559e-01
3.975857198238372803e-01
3.227007985115051270e-01
3.929775059223175049e-01
2.158916145563125610e-01
3.305156826972961426e-01
4.067646861076354980e-01
2.979207634925842285e-01
3.510354161262512207e-01
3.942116200923919678e-01
2.905701100826263428e-01
3.563537597656250000e-01
2.827607989311218262e-01
4.356779456138610840e-01
5.093395709991455078e-01
3.974755406379699707e-01
5.833993554115295410e-01
3.419505953788757324e-01
6.526474952697753906e-01
3.058800697326660156e-01
3.655642569065093994e-01
3.317812681198120117e-01
3.099262118339538574e-01
3.425226807594299316e-01
4.504978358745574951e-01
2.989305257797241211e-01
4.110860526561737061e-01
4.774826169013977051e-01
3.123978376388549805e-01
3.260471820831298828e-01
2.251019477844238281e-01
4.287599623203277588e-01
3.161506652832031250e-01
3.167445063591003418e-01
3.837328553199768066e-01
4.196672737598419189e-01
3.588585853576660156e-01
2.383081614971160889e-01
3.410528302192687988e-01
2.994014024734497070e-01
3.653866052627563477e-01
4.808682203292846680e-01
4.019386470317840576e-01
3.279792666435241699e-01
2.030837237834930420e-01
3.801417052745819092e-01
1.833641231060028076e-01
4.273546338081359863e-01
2.684784531593322754e-01
3.860157728195190430e-01
3.259109854698181152e-01
3.205345869064331055e-01
4.879327416419982910e-01
4.997998476028442383e-01
5.056594014167785645e-01
3.400247097015380859e-01
3.989318609237670898e-01
3.138567507266998291e-01
3.405190408229827881e-01
3.513043522834777832e-01
4.319292604923248291e-01
2.326038777828216553e-01
5.200220942497253418e-01
3.950369954109191895e-01
3.000027537345886230e-01
3.200619816780090332e-01
3.563553988933563232e-01
2.808705568313598633e-01
3.779169917106628418e-01
3.474500775337219238e-01
3.967850208282470703e-01
5.448554158210754395e-01
3.057944774627685547e-01
4.736235141754150391e-01
2.968536615371704102e-01
3.080259859561920166e-01
2.691896259784698486e-01
3.655373454093933105e-01
3.422781229019165039e-01
4.206551313400268555e-01
4.893921315670013428e-01
3.172828257083892822e-01
3.197210431098937988e-01
3.018321692943572998e-01
4.601927399635314941e-01
4.400531053543090820e-01
3.331030607223510742e-01
3.074704408645629883e-01
1.410746574401855469e-01
2.454244792461395264e-01
3.897114396095275879e-01
3.794898390769958496e-01
3.145369589328765869e-01
3.928498029708862305e-01
4.078108072280883789e-01
3.596131801605224609e-01
3.087059557437896729e-01
4.198856055736541748e-01
3.702903687953948975e-01
3.553158044815063477e-01
2.767503261566162109e-01
2.785269021987915039e-01
5.657908916473388672e-01
3.266442418098449707e-01
5.181419849395751953e-01
3.140121102333068848e-01
3.764142096042633057e-01
4.790220856666564941e-01
3.212384879589080811e-01
4.424964487552642822e-01
4.902802109718322754e-01
2.807631492614746094e-01
5.139997005462646484e-01
4.236651062965393066e-01
2.702910602092742920e-01
3.002694845199584961e-01
4.096895456314086914e-01
3.408257365226745605e-01
3.218398094177246094e-01
3.968978524208068848e-01
3.833849430084228516e-01
2.113208919763565063e-01
3.166418969631195068e-01
3.892565369606018066e-01
4.002256393432617188e-01
3.389478027820587158e-01
2.783723473548889160e-01
4.488931298255920410e-01
3.141019940376281738e-01
3.390037417411804199e-01
3.329543769359588623e-01
3.330934047698974609e-01
6.179274916648864746e-01
3.631245195865631104e-01
3.304626643657684326e-01
3.647395968437194824e-01
3.247727155685424805e-01
3.810538649559020996e-01
4.564236998558044434e-01
3.134454488754272461e-01
3.169706463813781738e-01
3.230901956558227539e-01
3.748998045921325684e-01
3.604788780212402344e-01
3.301767706871032715e-01
4.041154980659484863e-01
3.104390501976013184e-01
4.354094862937927246e-01
3.813244104385375977e-01
3.252398073673248291e-01
3.059117794036865234e-01
3.879753649234771729e-01
3.353610336780548096e-01
4.768363237380981445e-01
3.181325197219848633e-01
3.637171983718872070e-01
3.059398531913757324e-01
4.857934713363647461e-01
3.640620708465576172e-01
2.811636924743652344e-01
4.012816846370697021e-01
3.345481157302856445e-01
2.055138051509857178e-01
3.000341653823852539e-01
4.113939106464385986e-01
4.862745106220245361e-01
4.031079709529876709e-01
3.609231412410736084e-01
3.656933903694152832e-01
3.403337001800537109e-01
3.674877285957336426e-01
3.971838951110839844e-01
3.488285541534423828e-01
3.483531475067138672e-01
4.014105200767517090e-01
3.929439187049865723e-01
2.093827128410339355e-01
3.838788866996765137e-01
4.291679859161376953e-01
3.686928153038024902e-01
3.036842942237854004e-01
3.535416722297668457e-01
3.405269980430603027e-01
2.851511538028717041e-01
3.543511331081390381e-01
3.018592894077301025e-01
2.534898817539215088e-01
3.506719172000885010e-01
4.177541136741638184e-01
4.346176981925964355e-01
3.939836025238037109e-01
6.185213327407836914e-01
4.333339333534240723e-01
3.908051252365112305e-01
7.106693983078002930e-01
3.274818658828735352e-01
3.248236775398254395e-01
4.217654168605804443e-01
3.208865523338317871e-01
4.881274700164794922e-01
3.480096459388732910e-01
2.990475594997406006e-01
3.139654397964477539e-01
3.404059410095214844e-01
3.017373979091644287e-01
3.040204942226409912e-01
3.567632436752319336e-01
3.825241327285766602e-01
4.621878266334533691e-01
3.738599717617034912e-01
2.781744599342346191e-01
3.490448892116546631e-01
2.917391061782836914e-01
3.566703200340270996e-01
4.873131215572357178e-01
5.181096196174621582e-01
2.523184716701507568e-01
3.760103881359100342e-01
4.193573594093322754e-01
4.274922013282775879e-01
3.339556753635406494e-01
3.694673776626586914e-01
3.509853780269622803e-01
3.651031851768493652e-01
4.168817698955535889e-01
3.227734565734863281e-01
4.360368847846984863e-01
2.897221148014068604e-01
3.649010360240936279e-01
4.540191292762756348e-01
3.485699295997619629e-01
4.003776907920837402e-01
4.721831381320953369e-01
3.062495589256286621e-01
3.616816997528076172e-01
4.824562370777130127e-01
3.312234580516815186e-01
3.322411477565765381e-01
2.369390726089477539e-01
3.557713031768798828e-01
3.471931815147399902e-01
2.641012072563171387e-01
4.592803716659545898e-01
3.492636084556579590e-01
3.408257067203521729e-01
4.157609939575195312e-01
2.229809910058975220e-01
4.230573177337646484e-01
3.678824901580810547e-01
5.229301452636718750e-01
3.774918019771575928e-01
3.849121630191802979e-01
3.882387876510620117e-01
4.057854413986206055e-01
2.546400427818298340e-01
3.154298067092895508e-01
5.265089869499206543e-01
3.925360441207885742e-01
4.714848697185516357e-01
2.209514677524566650e-01
1.946728527545928955e-01
4.099609255790710449e-01
5.261333584785461426e-01
4.118218421936035156e-01
4.034833610057830811e-01
3.139115273952484131e-01
3.502196669578552246e-01
5.988433361053466797e-01
3.261912465095520020e-01
3.107501566410064697e-01
3.270844817161560059e-01
4.515703618526458740e-01
3.604618608951568604e-01
4.119662642478942871e-01
4.103340208530426025e-01
4.166188836097717285e-01
3.485794067382812500e-01
3.352567553520202637e-01
3.268862366676330566e-01
2.842922806739807129e-01
2.746607363224029541e-01
4.881280958652496338e-01
2.635608017444610596e-01
3.488321900367736816e-01
4.347478449344635010e-01
3.208977282047271729e-01
2.997333109378814697e-01
2.753199338912963867e-01
3.491303324699401855e-01
3.159550428390502930e-01
2.334542572498321533e-01
4.155949652194976807e-01
2.746259570121765137e-01
1.820394396781921387e-01
3.797051906585693359e-01
3.899690508842468262e-01
3.293813467025756836e-01
5.039518475532531738e-01
2.486098110675811768e-01
3.982753157615661621e-01
3.012557029724121094e-01
4.226135015487670898e-01
3.695012032985687256e-01
3.223513066768646240e-01
2.681660354137420654e-01
3.263757228851318359e-01
3.116204142570495605e-01
4.860039353370666504e-01
2.966899871826171875e-01
3.948131799697875977e-01
2.654880285263061523e-01
2.321553528308868408e-01
4.713248312473297119e-01
3.040048480033874512e-01
3.358614444732666016e-01
3.366803526878356934e-01
4.818163514137268066e-01
3.898394703865051270e-01
4.206163883209228516e-01
3.304983973503112793e-01
4.246655702590942383e-01
2.670054733753204346e-01
3.855284452438354492e-01
4.254707396030426025e-01
4.347860217094421387e-01
3.767833411693572998e-01
4.202071130275726318e-01
4.659386873245239258e-01
4.651270806789398193e-01
3.492688536643981934e-01
4.487198591232299805e-01
3.083306252956390381e-01
3.715696930885314941e-01
4.100699424743652344e-01
2.254846990108489990e-01
3.938808441162109375e-01
3.014688491821289062e-01
2.951315045356750488e-01
4.234278798103332520e-01
3.249897956848144531e-01
2.944344282150268555e-01
3.106144070625305176e-01
4.759906828403472900e-01
2.896897494792938232e-01
3.976407647132873535e-01
2.975520491600036621e-01
1.585382819175720215e-01
3.842167258262634277e-01
4.397387206554412842e-01
3.812979459762573242e-01
3.752761483192443848e-01
2.647662758827209473e-01
2.350848168134689331e-01
5.194001197814941406e-01
3.020553886890411377e-01
4.050307273864746094e-01
2.532227039337158203e-01
3.652307391166687012e-01
3.657047152519226074e-01
3.961189389228820801e-01
4.695061743259429932e-01
3.352439999580383301e-01
3.675854802131652832e-01
4.346882104873657227e-01
4.404461085796356201e-01
3.233955502510070801e-01
3.362562656402587891e-01
3.840424716472625732e-01
2.886176705360412598e-01
5.275935530662536621e-01
4.180673360824584961e-01
3.361708521842956543e-01
3.848306536674499512e-01
4.093382358551025391e-01
4.135835170745849609e-01
2.864999771118164062e-01
3.047831952571868896e-01
3.351338505744934082e-01
3.920162022113800049e-01
3.687501549720764160e-01
4.524964094161987305e-01
4.184136390686035156e-01
4.565310776233673096e-01
3.897832036018371582e-01
3.042652308940887451e-01
3.920438885688781738e-01
3.122117817401885986e-01
3.360615372657775879e-01
3.006230592727661133e-01
4.156067967414855957e-01
1.869471371173858643e-01
3.570413589477539062e-01
4.040890336036682129e-01
3.912708163261413574e-01
3.828473091125488281e-01
2.957277297973632812e-01
4.752812385559082031e-01
3.869360685348510742e-01
3.653583824634552002e-01
2.840566039085388184e-01
4.753550291061401367e-01
3.092341423034667969e-01
2.925500869750976562e-01
3.346861898899078369e-01
2.374140024185180664e-01
3.411873579025268555e-01
3.694241344928741455e-01
2.347052097320556641e-01
3.537290692329406738e-01
3.351581096649169922e-01
4.445730149745941162e-01
4.075140357017517090e-01
4.065646231174468994e-01
4.147981703281402588e-01
3.125742673873901367e-01
2.729672193527221680e-01
3.215730786323547363e-01
3.635644912719726562e-01
3.720923662185668945e-01
2.792777419090270996e-01
3.360907435417175293e-01
3.344500064849853516e-01
4.729321599006652832e-01
3.968960344791412354e-01
2.830773591995239258e-01
4.002438783645629883e-01
4.229337275028228760e-01
3.214744627475738525e-01
3.814504146575927734e-01
3.690876960754394531e-01
2.693483233451843262e-01
4.425544738769531250e-01
2.943347692489624023e-01
3.719572424888610840e-01
1.957718431949615479e-01
3.382020592689514160e-01
3.081380128860473633e-01
1.890724897384643555e-01
3.055190742015838623e-01
3.848313391208648682e-01
3.694339394569396973e-01
4.489110112190246582e-01
2.218234241008758545e-01
2.970907092094421387e-01
3.458446860313415527e-01
4.209812581539154053e-01
3.570581376552581787e-01
3.823540210723876953e-01
2.434268891811370850e-01
1.989917755126953125e-01
4.723554253578186035e-01
4.196094274520874023e-01
3.283177614212036133e-01
4.299136996269226074e-01
5.196164846420288086e-01
3.525680899620056152e-01
4.447071552276611328e-01
4.296932518482208252e-01
4.565948247909545898e-01
3.322102427482604980e-01
2.178536653518676758e-01
5.109140276908874512e-01
3.781259059906005859e-01
4.115759730339050293e-01
4.015082120895385742e-01
4.674805700778961182e-01
2.768638432025909424e-01
4.140860438346862793e-01
3.258520364761352539e-01
2.830442488193511963e-01
3.888970017433166504e-01
2.781667709350585938e-01
2.393560409545898438e-01
4.542087316513061523e-01
4.231967926025390625e-01
4.062024950981140137e-01
3.434379100799560547e-01
2.955811023712158203e-01
2.932959496974945068e-01
2.913547754287719727e-01
2.094543129205703735e-01
4.569082856178283691e-01
3.459241986274719238e-01
5.560528039932250977e-01
2.825857400894165039e-01
3.039996623992919922e-01
2.877714037895202637e-01
2.997736930847167969e-01
2.091582119464874268e-01
3.076771497726440430e-01
3.872039318084716797e-01
5.639704465866088867e-01
2.527789473533630371e-01
3.206124901771545410e-01
4.391378164291381836e-01
3.655911684036254883e-01
3.136356174945831299e-01
3.238099813461303711e-01
3.738577961921691895e-01
2.309937328100204468e-01
2.967413067817687988e-01
3.061630725860595703e-01
2.698863744735717773e-01
2.975832819938659668e-01
4.173791408538818359e-01
2.886610627174377441e-01
3.660848140716552734e-01
3.254079520702362061e-01
3.962889909744262695e-01
4.388798177242279053e-01
2.557464838027954102e-01
3.105553984642028809e-01
2.861536145210266113e-01
4.701554179191589355e-01
3.120472431182861328e-01
3.388159275054931641e-01
2.655989229679107666e-01
2.128380537033081055e-01
3.864341080188751221e-01
2.807919383049011230e-01
2.063765674829483032e-01
2.961919307708740234e-01
5.398412942886352539e-01
4.798958897590637207e-01
3.769542872905731201e-01
4.008688628673553467e-01
4.750248491764068604e-01
5.351955890655517578e-01
2.823240756988525391e-01
4.149356484413146973e-01
4.358292818069458008e-01
3.297573924064636230e-01
3.155621886253356934e-01
3.627985715866088867e-01
2.717180848121643066e-01
3.889308571815490723e-01
4.640650153160095215e-01
3.460457921028137207e-01
2.967586219310760498e-01
3.419689238071441650e-01
2.822380363941192627e-01
2.462679147720336914e-01
2.348367869853973389e-01
6.510698199272155762e-01
3.693565130233764648e-01
3.631836771965026855e-01
2.910243868827819824e-01
2.120590507984161377e-01
3.018444180488586426e-01
3.069759309291839600e-01
2.829371690750122070e-01
4.504597187042236328e-01
1.791861653327941895e-01
3.794423937797546387e-01
2.792375683784484863e-01
5.093787908554077148e-01
3.579227924346923828e-01
2.946617603302001953e-01
5.000077486038208008e-01
2.853406071662902832e-01
3.413764536380767822e-01
5.160097479820251465e-01
3.172829151153564453e-01
2.772881984710693359e-01
4.254180192947387695e-01
4.095712006092071533e-01
3.954081833362579346e-01
3.717793822288513184e-01
5.244420170783996582e-01
3.307166695594787598e-01
3.510668575763702393e-01
3.313605189323425293e-01
3.373549580574035645e-01
3.341495990753173828e-01
4.351153075695037842e-01
3.516962528228759766e-01
4.455789923667907715e-01
2.706928253173828125e-01
4.402900636196136475e-01
2.585741281509399414e-01
4.474315643310546875e-01
3.548817634582519531e-01
3.947177827358245850e-01
3.093889057636260986e-01
4.577096700668334961e-01
2.325285077095031738e-01
2.389200627803802490e-01
4.038415551185607910e-01
3.627106249332427979e-01
4.492317140102386475e-01
3.638346493244171143e-01
3.989592194557189941e-01
2.392275333404541016e-01
3.631685078144073486e-01
3.045569956302642822e-01
3.714712262153625488e-01
2.882876992225646973e-01
3.320005536079406738e-01
3.228352069854736328e-01
3.282073140144348145e-01
5.596489310264587402e-01
4.176537394523620605e-01
4.546881616115570068e-01
3.526325821876525879e-01
3.198176324367523193e-01
4.898068904876708984e-01
4.087204337120056152e-01
4.089692234992980957e-01
2.850348353385925293e-01
4.231373965740203857e-01
5.154607295989990234e-01
4.483811259269714355e-01
4.623498618602752686e-01
4.335778951644897461e-01
4.496147334575653076e-01
3.395899236202239990e-01
3.011777400970458984e-01
3.000003695487976074e-01
3.703105449676513672e-01
3.455766439437866211e-01
3.385865986347198486e-01
3.168686330318450928e-01
3.199083209037780762e-01
2.752561569213867188e-01
2.091035395860671997e-01
4.801761806011199951e-01
4.081603884696960449e-01
2.967627644538879395e-01
3.414356112480163574e-01
3.605696558952331543e-01
2.664669156074523926e-01
4.203719496726989746e-01
4.439941644668579102e-01
5.553302764892578125e-01
4.639151692390441895e-01
2.482476532459259033e-01
5.352790355682373047e-01
4.235561788082122803e-01
4.007395505905151367e-01
4.393613934516906738e-01
3.980899453163146973e-01
3.460250496864318848e-01
2.818650305271148682e-01
4.008886814117431641e-01
3.455048799514770508e-01
2.982790768146514893e-01
3.017113804817199707e-01
2.058750987052917480e-01
4.103901684284210205e-01
3.324692249298095703e-01
2.852263450622558594e-01
5.427331924438476562e-01
3.112486004829406738e-01
4.372236728668212891e-01
4.634280502796173096e-01
3.278906345367431641e-01
4.272523224353790283e-01
3.075881600379943848e-01
4.130961298942565918e-01
3.650542497634887695e-01
2.718890309333801270e-01
3.162516355514526367e-01
1.926015019416809082e-01
4.366131126880645752e-01
3.800652921199798584e-01
2.795649766921997070e-01
3.184075653553009033e-01
4.627112150192260742e-01
2.875935733318328857e-01
3.312116265296936035e-01
5.808188915252685547e-01
3.923658728599548340e-01
2.135999798774719238e-01
2.868573367595672607e-01
3.122167587280273438e-01
5.135454535484313965e-01
3.388110995292663574e-01
3.221982121467590332e-01
3.154922723770141602e-01
3.549661636352539062e-01
3.901693820953369141e-01
3.106616735458374023e-01
3.357973396778106689e-01
3.443931937217712402e-01
3.716652989387512207e-01
5.092260837554931641e-01
3.491756319999694824e-01
2.464072406291961670e-01
2.944645583629608154e-01
3.278591930866241455e-01
3.506750762462615967e-01
3.840231895446777344e-01
4.334639906883239746e-01
3.540216386318206787e-01
2.977275848388671875e-01
4.767061769962310791e-01
3.156099915504455566e-01
3.689811229705810547e-01
1.916927397251129150e-01
4.662238359451293945e-01
4.451624155044555664e-01
3.638837337493896484e-01
3.214204311370849609e-01
3.435897231101989746e-01
3.340902328491210938e-01
3.788553476333618164e-01
4.245991706848144531e-01
3.650056123733520508e-01
3.928363025188446045e-01
3.583211898803710938e-01
3.507902026176452637e-01
2.929332554340362549e-01
3.627052307128906250e-01
3.453574180603027344e-01
3.820752203464508057e-01
2.653704881668090820e-01
4.455291926860809326e-01
3.655017614364624023e-01
3.895175457000732422e-01
3.181183636188507080e-01
3.174956142902374268e-01
3.457702994346618652e-01
2.467206418514251709e-01
2.875202000141143799e-01
2.618024945259094238e-01
2.662608027458190918e-01
3.692552447319030762e-01
3.528400063514709473e-01
3.836924731731414795e-01
3.168234825134277344e-01
3.941828012466430664e-01
4.439628124237060547e-01
2.923086285591125488e-01
2.542231380939483643e-01
3.157894611358642578e-01
2.180394530296325684e-01
2.860704660415649414e-01
3.375129401683807373e-01
2.878204584121704102e-01
4.138760566711425781e-01
4.272323846817016602e-01
4.154456853866577148e-01
3.875603675842285156e-01
3.245708346366882324e-01
4.449047446250915527e-01
3.936082124710083008e-01
3.818913698196411133e-01
3.408203423023223877e-01
1.714190840721130371e-01
3.444118499755859375e-01
4.801190495491027832e-01
3.704888224601745605e-01
4.265823662281036377e-01
2.946828007698059082e-01
3.895397782325744629e-01
2.315989881753921509e-01
3.524978160858154297e-01
3.844594955444335938e-01
3.281318545341491699e-01
2.669417858123779297e-01
3.414991199970245361e-01
2.019412815570831299e-01
4.203780889511108398e-01
3.525988161563873291e-01
3.691694736480712891e-01
3.088979721069335938e-01
4.090203046798706055e-01
2.025473266839981079e-01
4.588413238525390625e-01
3.309074640274047852e-01
2.931759059429168701e-01
2.662517428398132324e-01
1.770214438438415527e-01
3.910526931285858154e-01
4.194189906120300293e-01
3.949065506458282471e-01
5.469478964805603027e-01
4.716818034648895264e-01
3.630777299404144287e-01
3.596595525741577148e-01
4.263981282711029053e-01
3.876784145832061768e-01
3.672685027122497559e-01
3.908529281616210938e-01
3.956268429756164551e-01
4.091566205024719238e-01
3.634617924690246582e-01
2.929702997207641602e-01
4.340573549270629883e-01
3.814104199409484863e-01
4.014871716499328613e-01
3.329212069511413574e-01
3.379620313644409180e-01
2.274587303400039673e-01
3.712997138500213623e-01
4.801819920539855957e-01
3.854576349258422852e-01
2.412458956241607666e-01
3.593896627426147461e-01
3.308310508728027344e-01
3.580465912818908691e-01
2.855804562568664551e-01
3.097495436668395996e-01
4.005562663078308105e-01
2.029690444469451904e-01
3.971644937992095947e-01
3.202338218688964844e-01
4.138375818729400635e-01
3.769395351409912109e-01
3.754591345787048340e-01
3.553710579872131348e-01
3.207477331161499023e-01
2.398643195629119873e-01
4.896991252899169922e-01
3.377718925476074219e-01
3.749490380287170410e-01
5.826146602630615234e-01
4.044764339923858643e-01
4.889842569828033447e-01
3.713397383689880371e-01
3.501983880996704102e-01
4.956583976745605469e-01
2.844209671020507812e-01
3.643038868904113770e-01
3.200774192810058594e-01
4.119697809219360352e-01
3.860804438591003418e-01
3.043751120567321777e-01
4.224715232849121094e-01
4.374116361141204834e-01
3.631398975849151611e-01
2.882366776466369629e-01
3.569349944591522217e-01
3.440545797348022461e-01
4.150168299674987793e-01
4.238790869712829590e-01
3.825923502445220947e-01
3.031002879142761230e-01
4.794267714023590088e-01
3.826076984405517578e-01
5.141548514366149902e-01
3.353483080863952637e-01
4.426152408123016357e-01
5.055416822433471680e-01
3.278434872627258301e-01
4.059960842132568359e-01
3.190546631813049316e-01
3.539150357246398926e-01
3.673299252986907959e-01
2.908620238304138184e-01
3.513906300067901611e-01
2.380887866020202637e-01
3.756164312362670898e-01
3.730370700359344482e-01
2.059521675109863281e-01
2.462656795978546143e-01
3.009867668151855469e-01
3.620714545249938965e-01
3.000795245170593262e-01
1.951111555099487305e-01
2.367876023054122925e-01
4.361132085323333740e-01
5.584322810173034668e-01
3.823847472667694092e-01
3.854469060897827148e-01
2.348409444093704224e-01
4.089774787425994873e-01
3.809825479984283447e-01
4.462431669235229492e-01
3.824965953826904297e-01
4.320322275161743164e-01
4.244213104248046875e-01
3.574769496917724609e-01
2.619780302047729492e-01
2.951033115386962891e-01
2.242661565542221069e-01
4.023239016532897949e-01
4.586827456951141357e-01
2.573273181915283203e-01
3.981302678585052490e-01
4.269760549068450928e-01
4.065133333206176758e-01
3.482831716537475586e-01
4.168026447296142578e-01
3.845161795616149902e-01
3.301310241222381592e-01
3.967095017433166504e-01
2.579125165939331055e-01
5.122542977333068848e-01
2.691492736339569092e-01
3.684904575347900391e-01
3.987234234809875488e-01
3.631889522075653076e-01
3.619342744350433350e-01
3.116562366485595703e-01
2.841845154762268066e-01
3.249763548374176025e-01
4.799651801586151123e-01
3.841457962989807129e-01
4.477067589759826660e-01
2.412582486867904663e-01
3.767644166946411133e-01
3.398437500000000000e-01
4.052420258522033691e-01
3.150662779808044434e-01
3.406788706779479980e-01
3.662930428981781006e-01
4.454446434974670410e-01
3.370951414108276367e-01
3.559739887714385986e-01
3.314376473426818848e-01
2.588123083114624023e-01
3.663926124572753906e-01
3.405108749866485596e-01
2.919133603572845459e-01
3.187137246131896973e-01
3.315399587154388428e-01
3.105966448783874512e-01
3.717432320117950439e-01
3.767273724079132080e-01
3.205968737602233887e-01
3.056456744670867920e-01
1.945525854825973511e-01
3.967949748039245605e-01
3.047996759414672852e-01
5.189545154571533203e-01
5.338555574417114258e-01
3.256281018257141113e-01
3.235775232315063477e-01
3.894268870353698730e-01
3.173174858093261719e-01
3.364458084106445312e-01
3.805358409881591797e-01
3.264256417751312256e-01
2.362377345561981201e-01
2.656859159469604492e-01
4.492556154727935791e-01
5.110999345779418945e-01
3.463483452796936035e-01
4.535566866397857666e-01
4.444714486598968506e-01
2.849875092506408691e-01
3.064310252666473389e-01
3.160862326622009277e-01
2.892765700817108154e-01
3.912532627582550049e-01
3.149084448814392090e-01
4.636375904083251953e-01
3.666075468063354492e-01
2.965120077133178711e-01
3.680334687232971191e-01
4.144467115402221680e-01
4.897760748863220215e-01
3.706622123718261719e-01
3.525012135505676270e-01
2.796421647071838379e-01
2.805155515670776367e-01
4.361791908740997314e-01
3.420379757881164551e-01
4.956921339035034180e-01
3.008868694305419922e-01
3.673753738403320312e-01
3.278436660766601562e-01
2.795765697956085205e-01
3.142181038856506348e-01
