2.999258041381835938e+00
3.141648769378662109e+00
3.134293556213378906e+00
3.070728540420532227e+00
3.006100177764892578e+00
3.018516540527343750e+00
3.063313245773315430e+00
3.050726413726806641e+00
3.005438804626464844e+00
3.012021541595458984e+00
3.098610877990722656e+00
3.024749755859375000e+00
2.923640727996826172e+00
2.926775455474853516e+00
3.139744997024536133e+00
3.051753997802734375e+00
3.120734930038452148e+00
3.106538295745849609e+00
3.096837520599365234e+00
3.038904905319213867e+00
3.050417900085449219e+00
3.035732984542846680e+00
3.073350429534912109e+00
3.117042064666748047e+00
3.052530050277709961e+00
2.977819204330444336e+00
3.024271488189697266e+00
2.937231540679931641e+00
3.046745061874389648e+00
3.091371059417724609e+00
2.997807979583740234e+00
3.128061294555664062e+00
3.144562721252441406e+00
2.972246170043945312e+00
3.084056615829467773e+00
2.975007057189941406e+00
2.958158016204833984e+00
2.959364414215087891e+00
3.064074277877807617e+00
3.090750932693481445e+00
3.034256458282470703e+00
3.010884284973144531e+00
3.077041625976562500e+00
3.003507137298583984e+00
3.029297828674316406e+00
2.993055343627929688e+00
3.048858880996704102e+00
3.053542137145996094e+00
3.183018445968627930e+00
3.101638317108154297e+00
2.927798748016357422e+00
3.113423347473144531e+00
2.889790058135986328e+00
3.051779747009277344e+00
3.063779830932617188e+00
3.047672748565673828e+00
3.001706123352050781e+00
2.908697843551635742e+00
2.924647808074951172e+00
2.947808980941772461e+00
2.941500186920166016e+00
3.000587940216064453e+00
2.916297674179077148e+00
3.005388259887695312e+00
3.070260524749755859e+00
3.103082656860351562e+00
3.021102190017700195e+00
2.939714670181274414e+00
3.037633895874023438e+00
2.999261140823364258e+00
2.943768024444580078e+00
3.002373695373535156e+00
3.016852140426635742e+00
2.942509651184082031e+00
2.992286682128906250e+00
3.027083873748779297e+00
3.013841629028320312e+00
2.959688663482666016e+00
3.131003856658935547e+00
2.978558540344238281e+00
2.985701560974121094e+00
3.057869672775268555e+00
3.109142065048217773e+00
3.012073040008544922e+00
3.044357538223266602e+00
3.039436340332031250e+00
3.108411312103271484e+00
2.977322578430175781e+00
3.073448181152343750e+00
3.101837873458862305e+00
3.074596166610717773e+00
2.976974010467529297e+00
2.990037202835083008e+00
3.017488956451416016e+00
3.101562738418579102e+00
3.015719890594482422e+00
3.185653686523437500e+00
3.126864433288574219e+00
2.886712074279785156e+00
2.903126478195190430e+00
2.973535060882568359e+00
3.075885295867919922e+00
3.156411647796630859e+00
3.075684309005737305e+00
3.046077251434326172e+00
2.967105865478515625e+00
2.986999511718750000e+00
3.004066944122314453e+00
2.952642440795898438e+00
3.055155038833618164e+00
3.022309780120849609e+00
2.979549646377563477e+00
3.079077005386352539e+00
3.124433040618896484e+00
2.938495874404907227e+00
2.989135265350341797e+00
3.091972112655639648e+00
3.068867206573486328e+00
2.963078975677490234e+00
3.104480266571044922e+00
3.012637615203857422e+00
3.013923645019531250e+00
3.025171756744384766e+00
2.871605873107910156e+00
2.901843070983886719e+00
2.952564477920532227e+00
3.070730686187744141e+00
3.077877521514892578e+00
3.057779788970947266e+00
3.057877063751220703e+00
2.996936559677124023e+00
2.873970270156860352e+00
2.953833341598510742e+00
2.976736545562744141e+00
2.956035614013671875e+00
2.994528293609619141e+00
2.927548170089721680e+00
3.040308952331542969e+00
3.028830051422119141e+00
3.002721548080444336e+00
2.955833435058593750e+00
3.000659227371215820e+00
2.967299461364746094e+00
3.032159090042114258e+00
3.190035343170166016e+00
2.965713500976562500e+00
2.989335775375366211e+00
3.216431379318237305e+00
3.131918430328369141e+00
3.003176450729370117e+00
2.953339099884033203e+00
2.980398416519165039e+00
3.065708637237548828e+00
3.048785686492919922e+00
3.211751222610473633e+00
3.017163753509521484e+00
3.073381423950195312e+00
2.952128171920776367e+00
3.186961174011230469e+00
3.037115573883056641e+00
2.907336711883544922e+00
2.990232467651367188e+00
3.081142425537109375e+00
3.136340141296386719e+00
2.929658412933349609e+00
3.096463203430175781e+00
3.151670932769775391e+00
3.090382099151611328e+00
2.959926128387451172e+00
3.022150993347167969e+00
3.025349617004394531e+00
3.088794708251953125e+00
2.954760551452636719e+00
2.960397481918334961e+00
3.038078308105468750e+00
3.089725255966186523e+00
3.073227405548095703e+00
2.936317443847656250e+00
2.985398054122924805e+00
2.948705911636352539e+00
2.870243072509765625e+00
2.981991291046142578e+00
3.078525781631469727e+00
3.133751392364501953e+00
3.014608144760131836e+00
2.980931282043457031e+00
3.097285270690917969e+00
3.062330961227416992e+00
3.001081943511962891e+00
2.971271753311157227e+00
3.017820835113525391e+00
3.182740449905395508e+00
3.101527214050292969e+00
3.001473665237426758e+00
2.966754198074340820e+00
3.068475961685180664e+00
2.976336479187011719e+00
3.036980390548706055e+00
2.950632095336914062e+00
3.019332885742187500e+00
2.965969562530517578e+00
3.068912506103515625e+00
3.018274545669555664e+00
2.884447097778320312e+00
2.773764371871948242e+00
3.129850387573242188e+00
3.001132249832153320e+00
2.979749202728271484e+00
3.041352748870849609e+00
3.036816120147705078e+00
3.016677856445312500e+00
2.932427883148193359e+00
2.915255069732666016e+00
3.008971214294433594e+00
2.851172208786010742e+00
3.023612260818481445e+00
3.054159641265869141e+00
2.916125059127807617e+00
2.892124176025390625e+00
3.074428081512451172e+00
3.169488906860351562e+00
2.970850229263305664e+00
2.906060218811035156e+00
3.176258325576782227e+00
2.877241849899291992e+00
3.004747867584228516e+00
3.017172813415527344e+00
3.004640340805053711e+00
2.912081956863403320e+00
2.934038162231445312e+00
3.048707485198974609e+00
2.933328151702880859e+00
3.109744548797607422e+00
2.960818767547607422e+00
3.056314229965209961e+00
3.127709150314331055e+00
3.014477252960205078e+00
3.184733390808105469e+00
3.071562767028808594e+00
3.094602108001708984e+00
3.063321590423583984e+00
2.973110914230346680e+00
2.899403572082519531e+00
2.996868610382080078e+00
3.110296726226806641e+00
3.018764972686767578e+00
3.017269611358642578e+00
3.054162979125976562e+00
2.998499155044555664e+00
3.039761066436767578e+00
3.028532505035400391e+00
2.871837139129638672e+00
3.130750656127929688e+00
3.059713363647460938e+00
2.974809646606445312e+00
2.994982242584228516e+00
3.085622310638427734e+00
2.929725408554077148e+00
2.937472820281982422e+00
2.939670085906982422e+00
2.971410751342773438e+00
3.136100292205810547e+00
3.056702852249145508e+00
2.984343290328979492e+00
2.855649948120117188e+00
3.034444570541381836e+00
3.117752552032470703e+00
2.989720106124877930e+00
3.087357521057128906e+00
3.044931173324584961e+00
3.059088468551635742e+00
3.098521947860717773e+00
2.995598793029785156e+00
3.089514732360839844e+00
2.946923494338989258e+00
2.999202251434326172e+00
3.154810190200805664e+00
2.924729824066162109e+00
3.066142559051513672e+00
2.986174106597900391e+00
2.994716405868530273e+00
3.015716075897216797e+00
2.856963396072387695e+00
2.911388397216796875e+00
2.981584310531616211e+00
2.954239606857299805e+00
3.070179462432861328e+00
2.975440025329589844e+00
2.964928150177001953e+00
3.043388366699218750e+00
2.925545692443847656e+00
3.010200738906860352e+00
3.039677381515502930e+00
3.105622768402099609e+00
2.955214738845825195e+00
3.054755687713623047e+00
2.968352556228637695e+00
3.083572864532470703e+00
2.984901666641235352e+00
3.025910854339599609e+00
2.989020824432373047e+00
3.016118049621582031e+00
3.078641653060913086e+00
2.957029342651367188e+00
2.866938114166259766e+00
2.983346462249755859e+00
3.046314716339111328e+00
2.941711425781250000e+00
3.012846469879150391e+00
3.152315139770507812e+00
3.076176643371582031e+00
3.046278953552246094e+00
3.045882225036621094e+00
3.060307741165161133e+00
3.015542030334472656e+00
3.025179147720336914e+00
3.084298372268676758e+00
3.052119493484497070e+00
2.962108135223388672e+00
3.044518470764160156e+00
2.973839282989501953e+00
2.906252384185791016e+00
2.999928474426269531e+00
2.842597723007202148e+00
3.008588075637817383e+00
3.046500205993652344e+00
3.094178199768066406e+00
2.963951110839843750e+00
2.908180236816406250e+00
3.067712783813476562e+00
2.939953804016113281e+00
3.095792293548583984e+00
2.918196201324462891e+00
3.105872631072998047e+00
2.969443798065185547e+00
3.006697893142700195e+00
2.958337783813476562e+00
2.909239768981933594e+00
2.977548122406005859e+00
2.987089872360229492e+00
3.034082412719726562e+00
3.053457260131835938e+00
2.889445304870605469e+00
3.094798088073730469e+00
3.019286155700683594e+00
2.925802230834960938e+00
2.948324203491210938e+00
2.910534143447875977e+00
3.114806175231933594e+00
3.125407695770263672e+00
2.957975864410400391e+00
3.105165958404541016e+00
2.989439010620117188e+00
2.950394153594970703e+00
2.949833393096923828e+00
3.074994802474975586e+00
2.949230194091796875e+00
3.061650991439819336e+00
2.906392574310302734e+00
3.126776933670043945e+00
3.005302190780639648e+00
3.100448608398437500e+00
3.059950351715087891e+00
2.980829477310180664e+00
3.021474361419677734e+00
3.058410882949829102e+00
3.179195642471313477e+00
3.094007730484008789e+00
3.139157295227050781e+00
2.917338371276855469e+00
3.033194065093994141e+00
2.956980705261230469e+00
2.980446338653564453e+00
3.021346569061279297e+00
2.854883670806884766e+00
3.031442403793334961e+00
2.884413242340087891e+00
3.022738695144653320e+00
3.018734931945800781e+00
3.122351408004760742e+00
2.988438129425048828e+00
3.012685537338256836e+00
3.040166378021240234e+00
3.080096244812011719e+00
2.964112997055053711e+00
2.994557380676269531e+00
2.989961862564086914e+00
2.944075345993041992e+00
3.068827629089355469e+00
3.044789791107177734e+00
2.944764137268066406e+00
3.067252635955810547e+00
3.067547559738159180e+00
3.172219276428222656e+00
3.059193611145019531e+00
2.876638889312744141e+00
3.059918165206909180e+00
3.012818336486816406e+00
3.104765653610229492e+00
3.146874666213989258e+00
3.000111103057861328e+00
3.059087991714477539e+00
3.188508510589599609e+00
2.988914489746093750e+00
3.110089540481567383e+00
2.997573137283325195e+00
3.022027254104614258e+00
2.911890029907226562e+00
3.076245307922363281e+00
2.929822206497192383e+00
3.147180080413818359e+00
3.097024440765380859e+00
3.065693855285644531e+00
3.000912666320800781e+00
3.060044765472412109e+00
3.032980442047119141e+00
3.003383159637451172e+00
2.993100881576538086e+00
2.952286481857299805e+00
3.136636972427368164e+00
3.053986549377441406e+00
2.901686668395996094e+00
3.017050743103027344e+00
2.973407745361328125e+00
2.957647800445556641e+00
3.066758155822753906e+00
2.936378002166748047e+00
3.084770202636718750e+00
2.944073677062988281e+00
3.009651422500610352e+00
2.846182346343994141e+00
3.014448642730712891e+00
3.100889682769775391e+00
2.986312866210937500e+00
2.969245433807373047e+00
3.009927034378051758e+00
2.989310741424560547e+00
3.051469564437866211e+00
2.928817272186279297e+00
2.959133863449096680e+00
2.957627773284912109e+00
3.118511676788330078e+00
2.924870014190673828e+00
2.923054218292236328e+00
3.069614887237548828e+00
3.105337619781494141e+00
3.058182239532470703e+00
2.993921518325805664e+00
2.908216476440429688e+00
2.902998685836791992e+00
2.944524288177490234e+00
2.883062124252319336e+00
2.850276947021484375e+00
2.949831008911132812e+00
3.011013507843017578e+00
3.064723968505859375e+00
2.985461473464965820e+00
3.119337320327758789e+00
2.987454891204833984e+00
3.049115896224975586e+00
2.998057842254638672e+00
2.900141716003417969e+00
3.151564121246337891e+00
3.077181816101074219e+00
2.951366424560546875e+00
2.919919967651367188e+00
3.009708881378173828e+00
2.972913742065429688e+00
2.951864719390869141e+00
3.029411792755126953e+00
3.036720991134643555e+00
2.959660053253173828e+00
3.114928245544433594e+00
2.912471771240234375e+00
2.979502677917480469e+00
3.088523864746093750e+00
3.006102085113525391e+00
2.924419641494750977e+00
2.917748451232910156e+00
3.016234159469604492e+00
3.052403926849365234e+00
3.023602962493896484e+00
2.855333328247070312e+00
3.014838695526123047e+00
2.973678588867187500e+00
3.014223098754882812e+00
2.872554779052734375e+00
3.002704143524169922e+00
3.002352237701416016e+00
3.065481901168823242e+00
3.022857666015625000e+00
2.947431325912475586e+00
3.094622850418090820e+00
3.049152374267578125e+00
2.882145404815673828e+00
3.103181362152099609e+00
2.811842679977416992e+00
3.008599758148193359e+00
3.020073413848876953e+00
3.079947471618652344e+00
3.037444591522216797e+00
3.023237228393554688e+00
2.922608852386474609e+00
2.965571403503417969e+00
3.054475307464599609e+00
2.931023359298706055e+00
3.031094312667846680e+00
2.976599693298339844e+00
2.979326963424682617e+00
3.025732040405273438e+00
2.954037666320800781e+00
2.988840341567993164e+00
2.982697010040283203e+00
3.010856151580810547e+00
3.019218683242797852e+00
3.061200380325317383e+00
3.125738143920898438e+00
2.969995021820068359e+00
3.029909610748291016e+00
2.968072652816772461e+00
3.042613983154296875e+00
2.991224765777587891e+00
3.014400959014892578e+00
3.098168849945068359e+00
2.916830062866210938e+00
2.997533559799194336e+00
3.126183032989501953e+00
2.929651260375976562e+00
3.066834926605224609e+00
2.916920185089111328e+00
2.887049198150634766e+00
3.022864580154418945e+00
3.098273277282714844e+00
3.063954114913940430e+00
2.881351947784423828e+00
3.076699733734130859e+00
3.013915777206420898e+00
3.055008888244628906e+00
3.174088001251220703e+00
3.122935533523559570e+00
3.014367580413818359e+00
3.000336408615112305e+00
2.998775005340576172e+00
3.120699405670166016e+00
3.033953666687011719e+00
2.931370973587036133e+00
2.956005811691284180e+00
2.957824230194091797e+00
3.009385824203491211e+00
3.052042484283447266e+00
2.896658897399902344e+00
2.958956718444824219e+00
2.965021610260009766e+00
3.101418018341064453e+00
2.950165987014770508e+00
2.889997720718383789e+00
2.955314874649047852e+00
3.010151386260986328e+00
3.064075469970703125e+00
3.079279899597167969e+00
3.020096778869628906e+00
3.025280952453613281e+00
2.899499416351318359e+00
2.943506240844726562e+00
3.193723917007446289e+00
3.132584571838378906e+00
2.983800411224365234e+00
2.858060359954833984e+00
3.000346422195434570e+00
3.141870498657226562e+00
2.965826511383056641e+00
3.034167289733886719e+00
2.979382991790771484e+00
3.201801776885986328e+00
3.087753534317016602e+00
3.022655963897705078e+00
2.916479110717773438e+00
2.990972042083740234e+00
2.969878435134887695e+00
3.058455944061279297e+00
2.983664274215698242e+00
2.999475479125976562e+00
3.038255214691162109e+00
3.029632806777954102e+00
2.941211462020874023e+00
3.057722330093383789e+00
3.185988903045654297e+00
3.046142339706420898e+00
3.085728883743286133e+00
2.980720281600952148e+00
3.056309223175048828e+00
3.120378494262695312e+00
3.086523294448852539e+00
2.960684776306152344e+00
2.995770454406738281e+00
2.969600677490234375e+00
2.931658506393432617e+00
2.999948501586914062e+00
3.049099206924438477e+00
3.032977819442749023e+00
3.102907180786132812e+00
3.042100191116333008e+00
2.929305553436279297e+00
3.090874195098876953e+00
2.944448232650756836e+00
2.975708723068237305e+00
3.135819911956787109e+00
3.009454965591430664e+00
3.087097644805908203e+00
2.899008274078369141e+00
3.037529945373535156e+00
2.976919651031494141e+00
3.095403194427490234e+00
2.885242938995361328e+00
3.034471035003662109e+00
2.982488870620727539e+00
2.955569267272949219e+00
2.949657440185546875e+00
3.021067857742309570e+00
2.946600914001464844e+00
3.155508756637573242e+00
2.957354307174682617e+00
2.871750831604003906e+00
3.091517925262451172e+00
2.919719696044921875e+00
3.017469882965087891e+00
3.116219520568847656e+00
3.013166427612304688e+00
3.015569210052490234e+00
2.933987617492675781e+00
2.889486789703369141e+00
3.017374277114868164e+00
3.030284166336059570e+00
3.056639432907104492e+00
2.944254398345947266e+00
2.944085597991943359e+00
2.926736831665039062e+00
2.981759548187255859e+00
3.028433799743652344e+00
2.943597316741943359e+00
3.000476360321044922e+00
2.976639986038208008e+00
3.046065330505371094e+00
3.031286478042602539e+00
2.974447965621948242e+00
3.028965711593627930e+00
2.927108526229858398e+00
2.870897769927978516e+00
2.996058940887451172e+00
2.985497713088989258e+00
3.016525030136108398e+00
3.019378900527954102e+00
2.933377027511596680e+00
3.037958383560180664e+00
3.142127752304077148e+00
3.065219402313232422e+00
2.998744964599609375e+00
3.029444694519042969e+00
2.958968877792358398e+00
2.968918323516845703e+00
2.981686353683471680e+00
2.974555015563964844e+00
2.996654987335205078e+00
2.893885612487792969e+00
2.915415287017822266e+00
3.025284767150878906e+00
3.080906391143798828e+00
2.996904850006103516e+00
3.120422363281250000e+00
3.121868133544921875e+00
3.037352085113525391e+00
2.987494468688964844e+00
3.000996828079223633e+00
3.009063959121704102e+00
2.833555698394775391e+00
2.975835323333740234e+00
2.992721557617187500e+00
3.004981756210327148e+00
2.959257125854492188e+00
2.991282463073730469e+00
3.020453453063964844e+00
3.036281585693359375e+00
2.886754512786865234e+00
2.982942581176757812e+00
2.983278274536132812e+00
3.116554498672485352e+00
3.117490530014038086e+00
3.177840948104858398e+00
3.064413547515869141e+00
2.985719680786132812e+00
3.055909633636474609e+00
2.982125043869018555e+00
3.023058652877807617e+00
3.004140377044677734e+00
3.139691352844238281e+00
3.084235668182373047e+00
3.064593315124511719e+00
3.121660470962524414e+00
3.043516159057617188e+00
3.093977212905883789e+00
2.956505775451660156e+00
2.977853059768676758e+00
3.121400833129882812e+00
3.094795942306518555e+00
3.074892997741699219e+00
3.132264614105224609e+00
3.035199642181396484e+00
3.043385267257690430e+00
2.867576599121093750e+00
2.953803539276123047e+00
2.942699432373046875e+00
3.154113054275512695e+00
2.843862056732177734e+00
2.964246273040771484e+00
2.910779476165771484e+00
2.953430175781250000e+00
3.022403240203857422e+00
2.967577934265136719e+00
3.009044408798217773e+00
2.942187309265136719e+00
3.022326231002807617e+00
2.988702297210693359e+00
3.039829730987548828e+00
2.975392580032348633e+00
3.160688400268554688e+00
2.919677019119262695e+00
3.013956785202026367e+00
3.018100261688232422e+00
3.027725458145141602e+00
2.987795829772949219e+00
3.028637886047363281e+00
3.055730819702148438e+00
2.997608184814453125e+00
2.990180015563964844e+00
3.084139823913574219e+00
2.960201740264892578e+00
2.944141149520874023e+00
3.040044546127319336e+00
2.973767280578613281e+00
2.904986858367919922e+00
2.965033769607543945e+00
2.932798147201538086e+00
2.904904365539550781e+00
2.966996192932128906e+00
3.024667739868164062e+00
2.979988336563110352e+00
2.958100795745849609e+00
2.990673065185546875e+00
3.064594984054565430e+00
3.014607667922973633e+00
3.074320793151855469e+00
2.959577083587646484e+00
3.067499160766601562e+00
2.899040460586547852e+00
3.003571987152099609e+00
2.971604824066162109e+00
2.962127208709716797e+00
2.959316968917846680e+00
2.985518455505371094e+00
3.053196430206298828e+00
3.068114757537841797e+00
3.106009483337402344e+00
3.071038484573364258e+00
2.950376510620117188e+00
3.022701263427734375e+00
3.093667984008789062e+00
2.889989614486694336e+00
2.903149127960205078e+00
2.926570415496826172e+00
3.000736474990844727e+00
3.003503084182739258e+00
3.020065307617187500e+00
2.998917102813720703e+00
3.138114690780639648e+00
2.919563770294189453e+00
2.909425258636474609e+00
2.921531677246093750e+00
3.100665569305419922e+00
2.978059768676757812e+00
3.034466743469238281e+00
2.922860860824584961e+00
2.998556852340698242e+00
3.155238628387451172e+00
3.082224607467651367e+00
3.032670021057128906e+00
2.947660446166992188e+00
2.901263952255249023e+00
2.949600696563720703e+00
2.947368144989013672e+00
3.055488348007202148e+00
2.935342788696289062e+00
3.093428134918212891e+00
2.994345664978027344e+00
2.932934284210205078e+00
2.856155157089233398e+00
2.982779502868652344e+00
3.009785413742065430e+00
3.021871089935302734e+00
3.018489360809326172e+00
3.048960208892822266e+00
3.015442609786987305e+00
3.049067974090576172e+00
2.976395845413208008e+00
2.838953495025634766e+00
3.150866270065307617e+00
2.912241697311401367e+00
2.868278980255126953e+00
3.063374280929565430e+00
2.985197305679321289e+00
2.924062252044677734e+00
3.061116695404052734e+00
2.952543258666992188e+00
2.959006547927856445e+00
3.029440641403198242e+00
2.911713600158691406e+00
2.944340705871582031e+00
3.006030559539794922e+00
2.933821678161621094e+00
3.013535261154174805e+00
2.986811161041259766e+00
3.081497669219970703e+00
2.991242408752441406e+00
3.038304328918457031e+00
3.009759426116943359e+00
3.038636207580566406e+00
3.011538743972778320e+00
3.072159290313720703e+00
2.992539882659912109e+00
3.008033037185668945e+00
2.907307624816894531e+00
3.124177932739257812e+00
3.016540765762329102e+00
2.995261192321777344e+00
3.032516717910766602e+00
3.013671875000000000e+00
2.985327720642089844e+00
3.071310520172119141e+00
2.989998340606689453e+00
2.933901786804199219e+00
3.265774488449096680e+00
2.991151094436645508e+00
3.226455211639404297e+00
3.033183574676513672e+00
2.953704595565795898e+00
2.964416980743408203e+00
3.071067571640014648e+00
3.063037395477294922e+00
3.025937557220458984e+00
3.046999692916870117e+00
3.019426107406616211e+00
3.082586765289306641e+00
3.043640851974487305e+00
3.047937154769897461e+00
2.908964633941650391e+00
3.004909038543701172e+00
2.870963096618652344e+00
3.031168937683105469e+00
3.116898536682128906e+00
3.073471546173095703e+00
2.956148624420166016e+00
3.065421104431152344e+00
2.872864246368408203e+00
2.969201564788818359e+00
2.916577577590942383e+00
3.058624267578125000e+00
3.189045429229736328e+00
3.144433975219726562e+00
2.971966266632080078e+00
3.086380243301391602e+00
3.078927516937255859e+00
2.983419895172119141e+00
2.925711154937744141e+00
2.948189496994018555e+00
2.896495819091796875e+00
3.115803718566894531e+00
2.932030200958251953e+00
2.989365577697753906e+00
3.015873670578002930e+00
2.924435377120971680e+00
2.858314037322998047e+00
3.048250675201416016e+00
3.003300189971923828e+00
2.990098237991333008e+00
2.995435237884521484e+00
3.120489835739135742e+00
2.937345027923583984e+00
3.011559486389160156e+00
3.014025449752807617e+00
3.091528654098510742e+00
2.966815710067749023e+00
3.090459823608398438e+00
3.120685100555419922e+00
3.072074413299560547e+00
3.038116455078125000e+00
2.997264146804809570e+00
3.001268386840820312e+00
2.984692811965942383e+00
3.011259317398071289e+00
3.124140262603759766e+00
2.949221611022949219e+00
3.039732217788696289e+00
2.950480461120605469e+00
3.014417409896850586e+00
2.946972608566284180e+00
3.045910120010375977e+00
2.976463794708251953e+00
2.847174882888793945e+00
2.989334583282470703e+00
2.998387813568115234e+00
3.037919521331787109e+00
2.880797863006591797e+00
2.891901016235351562e+00
2.962024927139282227e+00
3.068163871765136719e+00
2.855378150939941406e+00
3.061468124389648438e+00
3.074989557266235352e+00
2.923968315124511719e+00
2.915822505950927734e+00
2.991626262664794922e+00
2.958365440368652344e+00
2.993969917297363281e+00
3.099385023117065430e+00
2.859206676483154297e+00
2.956248283386230469e+00
3.093711853027343750e+00
3.045310020446777344e+00
2.850476980209350586e+00
3.075171709060668945e+00
2.979299545288085938e+00
3.021565914154052734e+00
2.932712078094482422e+00
3.058278560638427734e+00
2.917015552520751953e+00
3.017642498016357422e+00
3.011365413665771484e+00
2.905930519104003906e+00
2.991682529449462891e+00
2.957456111907958984e+00
2.895542383193969727e+00
3.068458557128906250e+00
3.098125934600830078e+00
2.964531421661376953e+00
3.061063289642333984e+00
3.043560504913330078e+00
2.997502326965332031e+00
3.006606817245483398e+00
3.115781307220458984e+00
3.004202127456665039e+00
2.981175661087036133e+00
3.071701049804687500e+00
3.005483627319335938e+00
3.047843217849731445e+00
2.982744693756103516e+00
3.038607358932495117e+00
3.184817075729370117e+00
2.922549724578857422e+00
2.938251256942749023e+00
3.169546604156494141e+00
2.960293292999267578e+00
2.875871658325195312e+00
2.922214269638061523e+00
2.995862483978271484e+00
2.932884693145751953e+00
2.949106693267822266e+00
2.953747272491455078e+00
3.008675336837768555e+00
2.972602128982543945e+00
3.000383853912353516e+00
3.039339542388916016e+00
2.911475419998168945e+00
2.934686183929443359e+00
3.032701969146728516e+00
3.028907299041748047e+00
2.891954183578491211e+00
3.065421581268310547e+00
3.072942733764648438e+00
3.057917594909667969e+00
3.152963876724243164e+00
2.904885053634643555e+00
3.059132099151611328e+00
2.934071302413940430e+00
2.985208511352539062e+00
2.981260776519775391e+00
2.963115692138671875e+00
2.861602783203125000e+00
2.945816516876220703e+00
2.985439062118530273e+00
3.003610134124755859e+00
2.858609914779663086e+00
2.966304540634155273e+00
2.915207386016845703e+00
3.007483720779418945e+00
2.962397098541259766e+00
3.135982990264892578e+00
3.115125656127929688e+00
3.095798015594482422e+00
3.012127876281738281e+00
3.041041851043701172e+00
3.150264501571655273e+00
2.999958276748657227e+00
2.920833110809326172e+00
2.981619834899902344e+00
2.935806274414062500e+00
3.121657848358154297e+00
2.912081480026245117e+00
2.943702220916748047e+00
3.021707534790039062e+00
3.046335220336914062e+00
2.971489667892456055e+00
2.992735147476196289e+00
2.852011680603027344e+00
3.032541751861572266e+00
3.009551048278808594e+00
2.889416217803955078e+00
3.108773231506347656e+00
2.971122026443481445e+00
3.066912651062011719e+00
2.958593845367431641e+00
3.089243412017822266e+00
3.019883155822753906e+00
2.910905361175537109e+00
3.114364385604858398e+00
2.964425325393676758e+00
2.977171897888183594e+00
2.976366281509399414e+00
2.954495429992675781e+00
3.026235342025756836e+00
2.891160249710083008e+00
3.027260303497314453e+00
2.909820318222045898e+00
3.018450260162353516e+00
2.921214580535888672e+00
3.103106260299682617e+00
2.909561157226562500e+00
3.042287826538085938e+00
2.948465347290039062e+00
3.200043678283691406e+00
3.006075859069824219e+00
3.045662641525268555e+00
3.054644584655761719e+00
2.889615535736083984e+00
2.955386400222778320e+00
3.136475324630737305e+00
3.027976274490356445e+00
3.010119676589965820e+00
3.100892305374145508e+00
2.946568965911865234e+00
3.008620262145996094e+00
3.035385131835937500e+00
3.051880836486816406e+00
3.080731630325317383e+00
2.920615196228027344e+00
3.103635311126708984e+00
2.962070465087890625e+00
3.109979152679443359e+00
2.965551137924194336e+00
3.025683641433715820e+00
3.032491445541381836e+00
2.932414054870605469e+00
2.808989286422729492e+00
2.972412586212158203e+00
3.146150588989257812e+00
2.978643894195556641e+00
3.113705396652221680e+00
3.030077934265136719e+00
3.061566352844238281e+00
2.920773983001708984e+00
3.030004739761352539e+00
2.855335235595703125e+00
2.966405391693115234e+00
3.007959842681884766e+00
3.012763261795043945e+00
3.126975297927856445e+00
2.992150545120239258e+00
3.060251712799072266e+00
3.007036685943603516e+00
2.979154109954833984e+00
3.121199607849121094e+00
3.100895404815673828e+00
2.957231521606445312e+00
2.927720069885253906e+00
2.996746063232421875e+00
2.953643798828125000e+00
3.021121501922607422e+00
2.910038948059082031e+00
2.855288028717041016e+00
3.094857215881347656e+00
3.027923583984375000e+00
2.921436786651611328e+00
2.916313171386718750e+00
3.019098758697509766e+00
2.977814197540283203e+00
2.987613201141357422e+00
2.928644895553588867e+00
2.948166847229003906e+00
3.054128885269165039e+00
2.997269153594970703e+00
3.015013217926025391e+00
2.905047893524169922e+00
2.741490602493286133e+00
3.122867345809936523e+00
2.936240434646606445e+00
3.021409988403320312e+00
2.850147962570190430e+00
2.993217945098876953e+00
3.018108844757080078e+00
2.936928749084472656e+00
2.873347043991088867e+00
2.967951774597167969e+00
2.880977153778076172e+00
3.021773338317871094e+00
3.130677700042724609e+00
2.897531032562255859e+00
2.965934038162231445e+00
3.084048748016357422e+00
3.040608882904052734e+00
3.039671897888183594e+00
3.100054979324340820e+00
2.989850044250488281e+00
2.859284639358520508e+00
2.795026302337646484e+00
3.139972686767578125e+00
2.897067308425903320e+00
3.204359769821166992e+00
2.955860614776611328e+00
3.075119972229003906e+00
2.962382316589355469e+00
3.081133842468261719e+00
3.034459114074707031e+00
3.085121154785156250e+00
3.191024780273437500e+00
3.019142627716064453e+00
2.933152914047241211e+00
2.918563365936279297e+00
3.153673171997070312e+00
2.910554409027099609e+00
2.830133914947509766e+00
2.879978656768798828e+00
2.981519222259521484e+00
2.946307420730590820e+00
3.076164722442626953e+00
2.991037607192993164e+00
2.991266965866088867e+00
3.092980384826660156e+00
3.084994077682495117e+00
2.966697454452514648e+00
3.074692487716674805e+00
2.944130420684814453e+00
3.170578956604003906e+00
3.029667854309082031e+00
3.021363496780395508e+00
3.109342813491821289e+00
2.918108940124511719e+00
2.910274028778076172e+00
2.842133283615112305e+00
2.899852037429809570e+00
3.050681591033935547e+00
2.951080799102783203e+00
3.125928878784179688e+00
2.971196174621582031e+00
3.081934928894042969e+00
2.938332796096801758e+00
2.938381671905517578e+00
3.093359470367431641e+00
2.907322883605957031e+00
2.867172718048095703e+00
2.893604755401611328e+00
3.067929744720458984e+00
3.034607172012329102e+00
3.017599582672119141e+00
2.944903850555419922e+00
2.987788200378417969e+00
2.998005867004394531e+00
2.934191465377807617e+00
2.935715436935424805e+00
3.182051658630371094e+00
2.894097566604614258e+00
2.996209144592285156e+00
3.140060186386108398e+00
2.996317386627197266e+00
2.960623741149902344e+00
2.952189207077026367e+00
3.106458187103271484e+00
3.018095493316650391e+00
2.938807010650634766e+00
3.051981925964355469e+00
3.039202213287353516e+00
3.003733158111572266e+00
3.017412185668945312e+00
3.063149929046630859e+00
3.005052566528320312e+00
3.036241054534912109e+00
3.047928333282470703e+00
2.952063560485839844e+00
3.039982318878173828e+00
3.062189817428588867e+00
3.107486009597778320e+00
2.964852809906005859e+00
3.029549598693847656e+00
2.957485914230346680e+00
3.058017730712890625e+00
3.019240856170654297e+00
2.970236778259277344e+00
2.888608455657958984e+00
2.986090898513793945e+00
2.978314399719238281e+00
3.098221302032470703e+00
3.004419326782226562e+00
2.929355621337890625e+00
3.091748237609863281e+00
2.931195974349975586e+00
3.021713256835937500e+00
2.988090991973876953e+00
3.073953390121459961e+00
2.887661933898925781e+00
2.961395025253295898e+00
3.000116348266601562e+00
3.010387420654296875e+00
2.993618965148925781e+00
3.013134479522705078e+00
3.025154590606689453e+00
2.860020637512207031e+00
2.966241598129272461e+00
2.981972694396972656e+00
3.027838706970214844e+00
2.885864973068237305e+00
2.960907220840454102e+00
2.865578651428222656e+00
3.063977241516113281e+00
2.984533786773681641e+00
3.004634857177734375e+00
3.138285636901855469e+00
3.043096780776977539e+00
3.008729934692382812e+00
2.878443241119384766e+00
3.215935468673706055e+00
3.106228828430175781e+00
3.010271072387695312e+00
3.020310640335083008e+00
3.053965568542480469e+00
3.033124446868896484e+00
2.931139230728149414e+00
2.963969230651855469e+00
3.057961463928222656e+00
3.011652708053588867e+00
3.069181919097900391e+00
3.040292978286743164e+00
2.967309951782226562e+00
3.080545186996459961e+00
3.069376707077026367e+00
3.027050018310546875e+00
2.958021640777587891e+00
2.861536026000976562e+00
3.046799659729003906e+00
3.080835342407226562e+00
2.945131778717041016e+00
2.975613117218017578e+00
2.784333229064941406e+00
2.992790699005126953e+00
3.059340000152587891e+00
2.905990362167358398e+00
2.970073461532592773e+00
3.122986316680908203e+00
3.033849239349365234e+00
3.030781269073486328e+00
2.990979671478271484e+00
3.009906768798828125e+00
2.743501186370849609e+00
2.867990493774414062e+00
2.947592020034790039e+00
3.055186986923217773e+00
3.071757316589355469e+00
2.956759452819824219e+00
2.977800130844116211e+00
3.054636478424072266e+00
2.992402553558349609e+00
3.054508209228515625e+00
2.921065330505371094e+00
2.974854946136474609e+00
3.045243501663208008e+00
3.029793262481689453e+00
3.016124725341796875e+00
2.885300636291503906e+00
2.997150421142578125e+00
2.950152873992919922e+00
3.032862186431884766e+00
2.882607460021972656e+00
3.022686481475830078e+00
3.008997440338134766e+00
3.087199211120605469e+00
2.858107089996337891e+00
2.865713596343994141e+00
3.077583789825439453e+00
2.918979406356811523e+00
2.938389301300048828e+00
2.972744464874267578e+00
3.031807899475097656e+00
2.972946166992187500e+00
3.075988292694091797e+00
2.875277757644653320e+00
2.869481801986694336e+00
3.008652687072753906e+00
3.057677268981933594e+00
3.098989963531494141e+00
2.923802375793457031e+00
3.032697677612304688e+00
2.898873805999755859e+00
2.946230888366699219e+00
2.939105510711669922e+00
2.926450967788696289e+00
3.003527879714965820e+00
2.896887302398681641e+00
2.891397476196289062e+00
2.966837882995605469e+00
3.034301519393920898e+00
3.044779300689697266e+00
2.871018409729003906e+00
3.046705007553100586e+00
3.168685913085937500e+00
2.989100694656372070e+00
3.026888132095336914e+00
2.938008785247802734e+00
2.995816230773925781e+00
2.922237873077392578e+00
2.894051074981689453e+00
2.897714138031005859e+00
2.828459501266479492e+00
3.030470848083496094e+00
2.983445167541503906e+00
3.057200431823730469e+00
2.955734252929687500e+00
3.021131277084350586e+00
3.005727767944335938e+00
2.997276306152343750e+00
3.060944557189941406e+00
3.046474933624267578e+00
3.112413883209228516e+00
2.961692571640014648e+00
3.167812108993530273e+00
3.008671760559082031e+00
2.926406860351562500e+00
2.986010551452636719e+00
3.035476922988891602e+00
2.927174091339111328e+00
2.908756494522094727e+00
2.819702386856079102e+00
2.889584064483642578e+00
3.088989257812500000e+00
3.059952259063720703e+00
2.970613002777099609e+00
2.975434303283691406e+00
3.019920110702514648e+00
2.903938770294189453e+00
3.041631221771240234e+00
3.003648757934570312e+00
2.994994163513183594e+00
2.950835466384887695e+00
3.063107013702392578e+00
3.159274578094482422e+00
2.899779796600341797e+00
3.025091171264648438e+00
3.107147216796875000e+00
3.092665672302246094e+00
2.999520301818847656e+00
2.993886947631835938e+00
2.963839530944824219e+00
3.059326171875000000e+00
3.153903961181640625e+00
2.966416358947753906e+00
2.918957948684692383e+00
2.931241989135742188e+00
2.909740924835205078e+00
3.049560785293579102e+00
2.861654281616210938e+00
3.070795774459838867e+00
2.992092132568359375e+00
3.107945203781127930e+00
2.977950096130371094e+00
2.928492546081542969e+00
2.994570732116699219e+00
2.971576213836669922e+00
2.982961654663085938e+00
2.952722787857055664e+00
3.137525081634521484e+00
2.988520860671997070e+00
2.815478801727294922e+00
3.015722751617431641e+00
3.059019088745117188e+00
3.055017471313476562e+00
2.878116607666015625e+00
2.960721492767333984e+00
2.976371526718139648e+00
2.909610033035278320e+00
2.939450025558471680e+00
3.042149066925048828e+00
3.049015998840332031e+00
3.066055774688720703e+00
3.068430423736572266e+00
2.880219697952270508e+00
3.052539825439453125e+00
2.919098854064941406e+00
3.030411720275878906e+00
2.956636190414428711e+00
2.994959831237792969e+00
2.962709665298461914e+00
3.017906904220581055e+00
3.112573146820068359e+00
3.042278766632080078e+00
2.967833042144775391e+00
3.011093139648437500e+00
3.000883579254150391e+00
2.955121994018554688e+00
2.990966558456420898e+00
3.039362192153930664e+00
3.033781528472900391e+00
2.965288639068603516e+00
2.968089342117309570e+00
2.950523138046264648e+00
3.037455558776855469e+00
2.952247619628906250e+00
2.984561681747436523e+00
2.841951370239257812e+00
3.047532558441162109e+00
3.050781250000000000e+00
2.963077068328857422e+00
2.930489778518676758e+00
2.941679477691650391e+00
3.033454179763793945e+00
3.124114036560058594e+00
3.044319868087768555e+00
2.982110023498535156e+00
3.023258209228515625e+00
3.023646354675292969e+00
3.081918239593505859e+00
2.981425762176513672e+00
2.940508842468261719e+00
2.942184448242187500e+00
3.013411998748779297e+00
2.967226028442382812e+00
3.096167564392089844e+00
2.987324714660644531e+00
3.099638938903808594e+00
3.007322311401367188e+00
2.887737274169921875e+00
3.036049842834472656e+00
3.176418781280517578e+00
3.062250852584838867e+00
3.046226501464843750e+00
2.996872901916503906e+00
3.009936809539794922e+00
3.076332330703735352e+00
2.957194328308105469e+00
3.021527767181396484e+00
2.956669569015502930e+00
2.970724582672119141e+00
3.015791416168212891e+00
2.905438184738159180e+00
3.049736261367797852e+00
2.994435787200927734e+00
3.024022102355957031e+00
2.941216468811035156e+00
2.908925294876098633e+00
2.876301527023315430e+00
3.040398120880126953e+00
2.893859386444091797e+00
3.148233175277709961e+00
3.090992927551269531e+00
3.031139850616455078e+00
2.943483352661132812e+00
3.067040205001831055e+00
2.977311372756958008e+00
2.943686485290527344e+00
3.030827999114990234e+00
2.939470291137695312e+00
2.936924219131469727e+00
2.959037303924560547e+00
3.023518085479736328e+00
3.075983047485351562e+00
2.938637733459472656e+00
2.949952125549316406e+00
3.006342887878417969e+00
2.989159822463989258e+00
3.020637512207031250e+00
2.835791349411010742e+00
2.853596210479736328e+00
2.862846851348876953e+00
3.216990470886230469e+00
2.945727825164794922e+00
3.109910249710083008e+00
2.991150140762329102e+00
2.905527114868164062e+00
2.944220542907714844e+00
3.126400709152221680e+00
2.964409828186035156e+00
3.157094001770019531e+00
2.976308822631835938e+00
2.834374904632568359e+00
2.961157321929931641e+00
3.013316392898559570e+00
2.794248342514038086e+00
2.925532817840576172e+00
3.017873764038085938e+00
2.862136363983154297e+00
3.007649660110473633e+00
3.013248920440673828e+00
3.097691059112548828e+00
3.005891799926757812e+00
2.976451873779296875e+00
2.932185649871826172e+00
2.756807327270507812e+00
2.949097871780395508e+00
3.012057065963745117e+00
3.043287992477416992e+00
3.082228660583496094e+00
2.971744537353515625e+00
3.007285118103027344e+00
3.017928361892700195e+00
2.989212274551391602e+00
3.121302366256713867e+00
2.927356719970703125e+00
3.032155513763427734e+00
2.982425212860107422e+00
2.832970619201660156e+00
2.908143043518066406e+00
2.960277557373046875e+00
2.927383661270141602e+00
3.032445192337036133e+00
3.064893245697021484e+00
3.009275913238525391e+00
3.004537105560302734e+00
2.961602449417114258e+00
2.932326078414916992e+00
3.011449337005615234e+00
3.049058914184570312e+00
2.945603370666503906e+00
3.045835256576538086e+00
2.997983455657958984e+00
2.978838920593261719e+00
3.051819801330566406e+00
3.068058013916015625e+00
3.066297531127929688e+00
2.895607948303222656e+00
3.050043821334838867e+00
3.022202968597412109e+00
2.931411504745483398e+00
2.816028833389282227e+00
2.994047641754150391e+00
2.983667612075805664e+00
2.982632398605346680e+00
2.897258281707763672e+00
3.027638912200927734e+00
3.038679838180541992e+00
2.998843431472778320e+00
2.995779752731323242e+00
3.000964641571044922e+00
3.020109653472900391e+00
3.013929843902587891e+00
3.007322311401367188e+00
3.045698404312133789e+00
2.954644680023193359e+00
3.033101081848144531e+00
2.885633468627929688e+00
2.952023506164550781e+00
2.900185585021972656e+00
2.798069477081298828e+00
2.969373226165771484e+00
2.860992908477783203e+00
2.930121898651123047e+00
3.014507293701171875e+00
2.802998065948486328e+00
2.954047679901123047e+00
3.026102066040039062e+00
2.985291957855224609e+00
2.867407321929931641e+00
2.989313602447509766e+00
2.904271841049194336e+00
2.906659603118896484e+00
3.035842180252075195e+00
2.937308788299560547e+00
2.878508567810058594e+00
3.011659145355224609e+00
3.083683967590332031e+00
3.084647178649902344e+00
2.907084941864013672e+00
3.073812484741210938e+00
2.959434986114501953e+00
2.988372325897216797e+00
3.001358270645141602e+00
3.031836986541748047e+00
2.980646133422851562e+00
3.006879806518554688e+00
2.939666748046875000e+00
3.055735588073730469e+00
2.963766098022460938e+00
2.847444057464599609e+00
2.898831367492675781e+00
3.038456916809082031e+00
2.923724651336669922e+00
2.907461881637573242e+00
2.859812259674072266e+00
2.882314205169677734e+00
2.913728237152099609e+00
2.941423654556274414e+00
2.946167945861816406e+00
3.016104936599731445e+00
3.088839530944824219e+00
2.912482023239135742e+00
2.895795822143554688e+00
2.920119285583496094e+00
3.086445569992065430e+00
3.095954895019531250e+00
2.953411102294921875e+00
2.973065853118896484e+00
3.060497999191284180e+00
3.047812223434448242e+00
2.920360326766967773e+00
3.026154041290283203e+00
3.009317159652709961e+00
2.840806722640991211e+00
3.053867816925048828e+00
2.978929281234741211e+00
2.884287357330322266e+00
3.037555217742919922e+00
2.957702875137329102e+00
2.846090316772460938e+00
2.973191738128662109e+00
3.119237422943115234e+00
3.014250516891479492e+00
2.973508834838867188e+00
3.017121315002441406e+00
3.111215591430664062e+00
3.028169631958007812e+00
3.028544425964355469e+00
3.024009227752685547e+00
3.056706905364990234e+00
2.935185909271240234e+00
2.913320541381835938e+00
3.044444084167480469e+00
2.799442768096923828e+00
2.978594303131103516e+00
3.014198064804077148e+00
3.015289306640625000e+00
2.900896549224853516e+00
2.968830823898315430e+00
3.011319160461425781e+00
2.939597845077514648e+00
2.950741291046142578e+00
2.953442573547363281e+00
3.143372535705566406e+00
3.069937467575073242e+00
3.040282249450683594e+00
3.021085262298583984e+00
2.894112825393676758e+00
3.044828414916992188e+00
3.101962566375732422e+00
3.076358318328857422e+00
2.973986148834228516e+00
2.981818437576293945e+00
2.935780763626098633e+00
3.112344264984130859e+00
2.871507406234741211e+00
2.970134735107421875e+00
3.018040895462036133e+00
3.127739906311035156e+00
2.933122158050537109e+00
2.930130481719970703e+00
3.024226188659667969e+00
2.997296333312988281e+00
3.070096969604492188e+00
2.826804637908935547e+00
2.987408161163330078e+00
3.048938512802124023e+00
2.875559568405151367e+00
2.947171211242675781e+00
2.923650741577148438e+00
2.939567565917968750e+00
2.908329486846923828e+00
2.951120853424072266e+00
2.988519191741943359e+00
2.905080318450927734e+00
3.049336194992065430e+00
2.968757629394531250e+00
2.945249319076538086e+00
2.964248180389404297e+00
2.909142017364501953e+00
2.968238592147827148e+00
2.955721378326416016e+00
3.043443202972412109e+00
2.928398609161376953e+00
3.017587661743164062e+00
3.020486831665039062e+00
2.996048688888549805e+00
3.107195377349853516e+00
2.776812553405761719e+00
3.011634588241577148e+00
2.931595325469970703e+00
3.083067655563354492e+00
2.917319059371948242e+00
3.000384330749511719e+00
3.060175418853759766e+00
3.049644947052001953e+00
3.013076305389404297e+00
3.108781814575195312e+00
3.023611545562744141e+00
2.971543788909912109e+00
2.958311319351196289e+00
3.010408163070678711e+00
2.997349262237548828e+00
3.014955043792724609e+00
3.092495441436767578e+00
2.892337322235107422e+00
2.954453468322753906e+00
2.897550344467163086e+00
3.071690559387207031e+00
3.003092288970947266e+00
2.883570432662963867e+00
2.940389156341552734e+00
2.825885772705078125e+00
3.080247402191162109e+00
2.937593936920166016e+00
2.911787509918212891e+00
2.939311742782592773e+00
3.026127815246582031e+00
3.035992145538330078e+00
2.945115566253662109e+00
2.957195281982421875e+00
2.954348564147949219e+00
2.944975614547729492e+00
3.019044160842895508e+00
2.796981811523437500e+00
2.772763013839721680e+00
2.879372119903564453e+00
2.919759750366210938e+00
2.842972993850708008e+00
2.961606502532958984e+00
2.927488327026367188e+00
2.960819005966186523e+00
2.967510700225830078e+00
2.899813890457153320e+00
2.987851142883300781e+00
2.962671756744384766e+00
3.123575687408447266e+00
3.025419235229492188e+00
3.004806518554687500e+00
3.092694282531738281e+00
2.980054378509521484e+00
3.052581787109375000e+00
2.921701908111572266e+00
3.018219709396362305e+00
3.003206968307495117e+00
3.026662349700927734e+00
2.975046157836914062e+00
3.017554759979248047e+00
2.958193063735961914e+00
3.002025365829467773e+00
3.040532112121582031e+00
2.985669136047363281e+00
3.043083190917968750e+00
2.969625711441040039e+00
2.998807430267333984e+00
2.952857494354248047e+00
2.909187316894531250e+00
2.941259384155273438e+00
3.009079933166503906e+00
2.963128566741943359e+00
2.939566612243652344e+00
2.888482809066772461e+00
3.010946273803710938e+00
3.018818616867065430e+00
2.870561599731445312e+00
2.862647056579589844e+00
3.009892463684082031e+00
2.993329524993896484e+00
2.996541500091552734e+00
3.068913698196411133e+00
3.037893295288085938e+00
3.058374643325805664e+00
2.855489253997802734e+00
2.846352577209472656e+00
3.061062335968017578e+00
3.037126302719116211e+00
2.889317512512207031e+00
2.983972072601318359e+00
3.008474349975585938e+00
2.811134338378906250e+00
3.029844760894775391e+00
3.040044307708740234e+00
2.937833786010742188e+00
2.897680282592773438e+00
2.994679450988769531e+00
2.984043359756469727e+00
2.879953861236572266e+00
3.029134273529052734e+00
2.946485996246337891e+00
3.053332090377807617e+00
2.909402370452880859e+00
2.948000431060791016e+00
2.961065292358398438e+00
2.976740360260009766e+00
2.946436882019042969e+00
2.929310798645019531e+00
3.023334264755249023e+00
2.978071212768554688e+00
2.952188014984130859e+00
2.927191734313964844e+00
2.958870649337768555e+00
2.833350658416748047e+00
3.074491739273071289e+00
3.076783180236816406e+00
2.980839967727661133e+00
3.037327766418457031e+00
3.073934078216552734e+00
2.984279394149780273e+00
2.999745845794677734e+00
2.894641160964965820e+00
2.945996284484863281e+00
2.962375879287719727e+00
3.006384849548339844e+00
2.959996700286865234e+00
2.891797304153442383e+00
3.035945415496826172e+00
2.949604272842407227e+00
3.039447784423828125e+00
3.060375213623046875e+00
3.009140014648437500e+00
3.000595331192016602e+00
2.997572660446166992e+00
3.078533649444580078e+00
2.982473611831665039e+00
2.939266443252563477e+00
2.996387481689453125e+00
2.951420307159423828e+00
3.044854640960693359e+00
3.010330200195312500e+00
3.003924131393432617e+00
2.873392105102539062e+00
3.125847816467285156e+00
2.945527791976928711e+00
3.013424396514892578e+00
2.850019454956054688e+00
2.999436616897583008e+00
2.937902450561523438e+00
2.919556617736816406e+00
2.930716514587402344e+00
2.980519056320190430e+00
2.849633693695068359e+00
3.069874286651611328e+00
3.007885456085205078e+00
3.052831172943115234e+00
2.984608888626098633e+00
2.954423427581787109e+00
2.907695055007934570e+00
3.048937797546386719e+00
2.908600568771362305e+00
2.981791973114013672e+00
3.116212606430053711e+00
2.887940406799316406e+00
2.842239379882812500e+00
2.878683090209960938e+00
2.956938743591308594e+00
2.976583003997802734e+00
3.038288116455078125e+00
3.064113616943359375e+00
2.957785367965698242e+00
2.860345840454101562e+00
3.034657001495361328e+00
2.967579126358032227e+00
2.978680849075317383e+00
2.904418468475341797e+00
2.954333543777465820e+00
2.979492664337158203e+00
2.958553075790405273e+00
2.859314203262329102e+00
2.802773237228393555e+00
3.029070377349853516e+00
3.065779209136962891e+00
2.934598207473754883e+00
3.047492504119873047e+00
3.124614715576171875e+00
2.907450199127197266e+00
2.967895507812500000e+00
2.838102579116821289e+00
2.996707916259765625e+00
2.932660818099975586e+00
2.882770538330078125e+00
3.053035497665405273e+00
2.932463169097900391e+00
2.996561765670776367e+00
2.954258203506469727e+00
2.942172288894653320e+00
2.964903354644775391e+00
3.056958436965942383e+00
3.058781385421752930e+00
3.046667098999023438e+00
2.923828125000000000e+00
3.010473251342773438e+00
2.992788791656494141e+00
2.847212314605712891e+00
3.038587570190429688e+00
2.922720909118652344e+00
2.954254865646362305e+00
2.975737094879150391e+00
3.085280895233154297e+00
3.032964229583740234e+00
2.782855987548828125e+00
2.970625162124633789e+00
3.037071943283081055e+00
2.929382801055908203e+00
2.935928344726562500e+00
2.976887226104736328e+00
3.029630422592163086e+00
3.084244966506958008e+00
2.943886518478393555e+00
2.995126247406005859e+00
2.958651542663574219e+00
2.925561189651489258e+00
2.948730468750000000e+00
2.971377372741699219e+00
2.924304962158203125e+00
3.079554080963134766e+00
2.963462829589843750e+00
2.935391187667846680e+00
2.915863275527954102e+00
2.951024055480957031e+00
3.098790645599365234e+00
2.989793777465820312e+00
3.011587381362915039e+00
2.925654172897338867e+00
3.031358718872070312e+00
3.028670072555541992e+00
2.984730720520019531e+00
2.963801383972167969e+00
3.059042930603027344e+00
3.080008029937744141e+00
2.921497106552124023e+00
3.161228418350219727e+00
2.893586158752441406e+00
3.038463354110717773e+00
2.895666599273681641e+00
3.276016950607299805e+00
3.021445751190185547e+00
2.959912776947021484e+00
2.930115222930908203e+00
2.866380929946899414e+00
2.957855224609375000e+00
3.033267974853515625e+00
2.895450115203857422e+00
2.956079006195068359e+00
3.076023101806640625e+00
2.907172918319702148e+00
2.921216964721679688e+00
2.978356838226318359e+00
3.048999309539794922e+00
2.879610300064086914e+00
2.865216255187988281e+00
2.833333015441894531e+00
3.059270858764648438e+00
3.094390630722045898e+00
3.076569557189941406e+00
3.048108816146850586e+00
2.966912746429443359e+00
2.907595634460449219e+00
2.850112915039062500e+00
2.987740278244018555e+00
3.091186523437500000e+00
2.996535301208496094e+00
3.054423332214355469e+00
3.003885030746459961e+00
3.037063360214233398e+00
2.854755401611328125e+00
3.065473556518554688e+00
3.047760486602783203e+00
2.974841117858886719e+00
2.859152555465698242e+00
2.825603008270263672e+00
2.915357589721679688e+00
2.846412181854248047e+00
2.963218688964843750e+00
3.185980319976806641e+00
3.005453348159790039e+00
3.130033969879150391e+00
2.933397054672241211e+00
2.972672700881958008e+00
2.885033130645751953e+00
3.035989522933959961e+00
3.100928544998168945e+00
2.970561265945434570e+00
2.929855585098266602e+00
2.866947174072265625e+00
2.870933055877685547e+00
2.960264444351196289e+00
2.997591972351074219e+00
3.053086757659912109e+00
2.833183288574218750e+00
2.986622333526611328e+00
2.987971067428588867e+00
3.078354358673095703e+00
2.920415401458740234e+00
2.993575096130371094e+00
2.857472181320190430e+00
2.991087436676025391e+00
3.014196872711181641e+00
2.864477157592773438e+00
2.914301633834838867e+00
2.843315601348876953e+00
3.000577449798583984e+00
3.007211208343505859e+00
2.926273107528686523e+00
3.026191711425781250e+00
2.816285610198974609e+00
2.979079008102416992e+00
3.086514234542846680e+00
3.045320510864257812e+00
2.990274906158447266e+00
2.931955337524414062e+00
3.034567594528198242e+00
3.051788568496704102e+00
3.021986961364746094e+00
2.865041732788085938e+00
2.989892482757568359e+00
3.026072263717651367e+00
2.918157100677490234e+00
2.976862430572509766e+00
2.887266635894775391e+00
2.976572036743164062e+00
2.871180057525634766e+00
2.949903964996337891e+00
2.987442016601562500e+00
3.024625778198242188e+00
3.040786027908325195e+00
3.038253784179687500e+00
3.082147836685180664e+00
2.965332984924316406e+00
3.046135425567626953e+00
3.022327899932861328e+00
3.027217388153076172e+00
2.964700937271118164e+00
2.952053546905517578e+00
3.095060348510742188e+00
2.913281917572021484e+00
2.831208705902099609e+00
3.019340515136718750e+00
2.915392398834228516e+00
2.944796323776245117e+00
2.975139141082763672e+00
2.915463685989379883e+00
3.014533996582031250e+00
2.898477554321289062e+00
2.844610691070556641e+00
2.981792926788330078e+00
3.124703884124755859e+00
2.959621191024780273e+00
2.868209123611450195e+00
3.060313463211059570e+00
3.050752878189086914e+00
2.928086280822753906e+00
2.941445589065551758e+00
3.096880435943603516e+00
3.098593473434448242e+00
2.896169662475585938e+00
3.056151390075683594e+00
3.021508932113647461e+00
3.032931804656982422e+00
2.797442913055419922e+00
3.048978567123413086e+00
3.009205818176269531e+00
2.991573333740234375e+00
2.788881778717041016e+00
2.891384601593017578e+00
2.916699171066284180e+00
3.043774127960205078e+00
2.905339956283569336e+00
2.946743249893188477e+00
2.986888885498046875e+00
2.919936656951904297e+00
2.902170419692993164e+00
3.019434452056884766e+00
3.014819622039794922e+00
3.006429672241210938e+00
3.042595386505126953e+00
2.920404195785522461e+00
2.839170932769775391e+00
3.054072141647338867e+00
2.921315670013427734e+00
2.983122110366821289e+00
3.001214742660522461e+00
2.960247278213500977e+00
2.978363990783691406e+00
3.021807670593261719e+00
3.060202121734619141e+00
3.023764610290527344e+00
2.981861114501953125e+00
3.018905878067016602e+00
2.988927841186523438e+00
2.756016731262207031e+00
2.919821262359619141e+00
2.921134471893310547e+00
2.997619152069091797e+00
3.079226255416870117e+00
2.955801010131835938e+00
3.049959897994995117e+00
2.827827930450439453e+00
2.990438938140869141e+00
2.921024799346923828e+00
3.026535272598266602e+00
3.070186376571655273e+00
2.911841392517089844e+00
2.987667083740234375e+00
2.942996263504028320e+00
3.013121128082275391e+00
2.952281475067138672e+00
2.913769245147705078e+00
2.905842781066894531e+00
3.059415817260742188e+00
2.994672298431396484e+00
2.964948177337646484e+00
3.016513347625732422e+00
3.065795660018920898e+00
3.072251796722412109e+00
3.020555496215820312e+00
2.961556911468505859e+00
2.943643093109130859e+00
2.892100811004638672e+00
2.964920043945312500e+00
3.045041084289550781e+00
3.063851118087768555e+00
2.861175060272216797e+00
3.151159286499023438e+00
2.965516567230224609e+00
3.034296035766601562e+00
2.864560604095458984e+00
2.948771953582763672e+00
2.910267114639282227e+00
2.938458442687988281e+00
2.843259334564208984e+00
2.968063354492187500e+00
2.913657188415527344e+00
2.899666309356689453e+00
2.954884529113769531e+00
2.898016452789306641e+00
2.945363044738769531e+00
2.948595046997070312e+00
3.061678886413574219e+00
2.881571292877197266e+00
2.911217212677001953e+00
2.952797412872314453e+00
2.914921045303344727e+00
3.007593393325805664e+00
2.931432247161865234e+00
2.961080551147460938e+00
2.854049205780029297e+00
3.227351665496826172e+00
2.986970424652099609e+00
3.038384675979614258e+00
2.902662754058837891e+00
3.039770841598510742e+00
2.942520141601562500e+00
2.923018693923950195e+00
2.953446149826049805e+00
2.985096693038940430e+00
2.989174365997314453e+00
3.038826942443847656e+00
2.949961662292480469e+00
2.945521831512451172e+00
3.044601678848266602e+00
2.960815906524658203e+00
2.764755249023437500e+00
3.076263904571533203e+00
2.922888278961181641e+00
3.037502765655517578e+00
2.875913619995117188e+00
3.156191587448120117e+00
2.947296142578125000e+00
2.876852750778198242e+00
3.003146648406982422e+00
2.969458580017089844e+00
3.017019271850585938e+00
3.003548622131347656e+00
3.125947475433349609e+00
2.912713050842285156e+00
2.902908325195312500e+00
3.010228157043457031e+00
3.025460720062255859e+00
2.767090320587158203e+00
2.927180051803588867e+00
3.026639461517333984e+00
2.965831756591796875e+00
2.935954570770263672e+00
2.947455644607543945e+00
2.826402902603149414e+00
2.889451742172241211e+00
2.986640453338623047e+00
2.914281368255615234e+00
3.011988878250122070e+00
2.952174901962280273e+00
3.023574352264404297e+00
3.013793706893920898e+00
2.996113777160644531e+00
2.970578193664550781e+00
3.030923843383789062e+00
2.920797109603881836e+00
3.017102241516113281e+00
2.983310699462890625e+00
3.007687091827392578e+00
3.025158405303955078e+00
3.086675643920898438e+00
3.053886890411376953e+00
2.920392751693725586e+00
2.921268939971923828e+00
2.942144870758056641e+00
2.861844539642333984e+00
3.066106319427490234e+00
3.011833667755126953e+00
2.960981369018554688e+00
2.933384656906127930e+00
3.068435430526733398e+00
2.919236898422241211e+00
2.931080818176269531e+00
2.887366294860839844e+00
2.928523540496826172e+00
2.997402429580688477e+00
2.891912221908569336e+00
3.031860113143920898e+00
2.966776847839355469e+00
2.948667526245117188e+00
3.007517337799072266e+00
3.012071132659912109e+00
3.088466167449951172e+00
2.923928737640380859e+00
2.808420181274414062e+00
2.834781646728515625e+00
2.918939828872680664e+00
2.953740596771240234e+00
3.013769149780273438e+00
3.004399538040161133e+00
2.991975784301757812e+00
3.016275167465209961e+00
3.100030422210693359e+00
2.910730361938476562e+00
3.020095348358154297e+00
2.984033107757568359e+00
3.129473209381103516e+00
2.931662082672119141e+00
3.030672788619995117e+00
3.070624351501464844e+00
2.830568313598632812e+00
3.055647850036621094e+00
3.197014331817626953e+00
2.999536752700805664e+00
3.080254554748535156e+00
2.954935073852539062e+00
3.084946393966674805e+00
2.910083770751953125e+00
3.003152370452880859e+00
3.035456895828247070e+00
2.872410535812377930e+00
2.934612274169921875e+00
2.947280883789062500e+00
2.871697664260864258e+00
2.990687847137451172e+00
3.144968271255493164e+00
2.900786161422729492e+00
2.965567111968994141e+00
2.960533857345581055e+00
3.045994520187377930e+00
2.857921123504638672e+00
3.026701688766479492e+00
2.955070018768310547e+00
2.967361211776733398e+00
2.934084415435791016e+00
2.937970399856567383e+00
2.862202405929565430e+00
3.030475854873657227e+00
2.934352397918701172e+00
2.970127820968627930e+00
2.900959968566894531e+00
2.927751302719116211e+00
2.947797298431396484e+00
2.918882608413696289e+00
2.981119632720947266e+00
2.886853456497192383e+00
3.021031856536865234e+00
2.866401910781860352e+00
2.927274465560913086e+00
2.855136394500732422e+00
2.934046506881713867e+00
2.918441534042358398e+00
2.962464332580566406e+00
3.048661231994628906e+00
2.934919357299804688e+00
2.979027509689331055e+00
2.952606201171875000e+00
3.095106601715087891e+00
2.992815256118774414e+00
2.962017059326171875e+00
3.040160655975341797e+00
3.123984336853027344e+00
2.987711429595947266e+00
3.045732021331787109e+00
2.837284564971923828e+00
3.128458023071289062e+00
3.052537441253662109e+00
2.957226276397705078e+00
2.982697725296020508e+00
2.808670759201049805e+00
2.906217575073242188e+00
2.830194234848022461e+00
3.063540697097778320e+00
2.975057125091552734e+00
2.869610309600830078e+00
2.881657123565673828e+00
3.091055393218994141e+00
3.037009239196777344e+00
2.937335014343261719e+00
2.983677387237548828e+00
2.945697784423828125e+00
2.949153900146484375e+00
2.982534646987915039e+00
3.022060394287109375e+00
3.078810691833496094e+00
3.004264593124389648e+00
2.900004386901855469e+00
2.994715213775634766e+00
2.948890447616577148e+00
2.860773563385009766e+00
3.087530136108398438e+00
3.117007732391357422e+00
2.884543895721435547e+00
2.948745965957641602e+00
3.045393705368041992e+00
3.048762798309326172e+00
3.011751174926757812e+00
2.967550516128540039e+00
2.827182769775390625e+00
2.877345085144042969e+00
3.044878005981445312e+00
2.883041143417358398e+00
2.846064805984497070e+00
3.064561843872070312e+00
2.948231220245361328e+00
3.070766925811767578e+00
2.929474830627441406e+00
3.045503616333007812e+00
3.063704967498779297e+00
2.876890659332275391e+00
3.002048015594482422e+00
3.003614902496337891e+00
2.979391098022460938e+00
2.910270690917968750e+00
2.903703212738037109e+00
2.867352247238159180e+00
2.934804439544677734e+00
2.989837646484375000e+00
2.961888313293457031e+00
3.073540687561035156e+00
2.995716333389282227e+00
3.020417213439941406e+00
3.002084016799926758e+00
3.050668239593505859e+00
3.023586511611938477e+00
3.153638839721679688e+00
3.107213258743286133e+00
3.050352334976196289e+00
2.930504560470581055e+00
2.980913400650024414e+00
2.891418218612670898e+00
2.792242527008056641e+00
3.003577232360839844e+00
2.870692968368530273e+00
3.025104999542236328e+00
2.908635139465332031e+00
2.972459077835083008e+00
3.019597053527832031e+00
2.985974311828613281e+00
3.108204364776611328e+00
3.063126087188720703e+00
3.006161212921142578e+00
2.797225952148437500e+00
3.028821468353271484e+00
2.869747638702392578e+00
2.832451343536376953e+00
2.943430900573730469e+00
2.926895141601562500e+00
3.094377040863037109e+00
3.008419752120971680e+00
3.068495988845825195e+00
2.984243631362915039e+00
2.930121898651123047e+00
3.015434503555297852e+00
2.902128934860229492e+00
2.941770553588867188e+00
3.054480791091918945e+00
2.944803714752197266e+00
2.962218523025512695e+00
2.998239040374755859e+00
2.838356018066406250e+00
2.970287799835205078e+00
2.924942970275878906e+00
3.035468816757202148e+00
2.939877271652221680e+00
2.923637866973876953e+00
2.906219482421875000e+00
2.949676513671875000e+00
2.828601121902465820e+00
2.961309671401977539e+00
2.720588207244873047e+00
2.874771118164062500e+00
3.030787944793701172e+00
2.891511917114257812e+00
2.959509849548339844e+00
2.959950685501098633e+00
2.930209159851074219e+00
2.996500492095947266e+00
3.012609481811523438e+00
2.951287031173706055e+00
2.939618110656738281e+00
2.903249979019165039e+00
2.972053527832031250e+00
2.883908748626708984e+00
2.948484420776367188e+00
3.111808300018310547e+00
2.945005655288696289e+00
2.989074230194091797e+00
3.005581378936767578e+00
2.967891931533813477e+00
2.966165542602539062e+00
2.973923206329345703e+00
2.994133234024047852e+00
2.999176025390625000e+00
2.884405136108398438e+00
3.012091159820556641e+00
3.099268674850463867e+00
2.908169269561767578e+00
2.881734371185302734e+00
2.954480886459350586e+00
2.836534261703491211e+00
2.802004575729370117e+00
3.111863851547241211e+00
2.929425716400146484e+00
2.918364763259887695e+00
3.022577047348022461e+00
3.004501104354858398e+00
2.953795433044433594e+00
3.000386238098144531e+00
2.979601383209228516e+00
2.958395481109619141e+00
2.950945615768432617e+00
3.158038139343261719e+00
2.976805686950683594e+00
2.872529268264770508e+00
2.922492504119873047e+00
2.820374965667724609e+00
3.025247335433959961e+00
2.802936553955078125e+00
3.054878711700439453e+00
3.102463006973266602e+00
2.963562965393066406e+00
2.951940059661865234e+00
2.806617259979248047e+00
3.019051551818847656e+00
3.111272096633911133e+00
2.955339908599853516e+00
2.960187196731567383e+00
3.024556398391723633e+00
3.039145946502685547e+00
3.077404499053955078e+00
3.065251350402832031e+00
3.142601490020751953e+00
3.033270359039306641e+00
3.180808067321777344e+00
2.964401721954345703e+00
2.985530138015747070e+00
2.877811193466186523e+00
2.981672286987304688e+00
2.965762853622436523e+00
2.906226634979248047e+00
2.980546951293945312e+00
3.036992549896240234e+00
2.969990253448486328e+00
2.859744548797607422e+00
3.017886638641357422e+00
3.007316827774047852e+00
3.051156282424926758e+00
2.954942941665649414e+00
2.950032711029052734e+00
2.983367681503295898e+00
3.021116495132446289e+00
2.987482547760009766e+00
2.917966365814208984e+00
2.959078311920166016e+00
3.110658168792724609e+00
2.963051319122314453e+00
2.979471206665039062e+00
2.890436410903930664e+00
2.849892616271972656e+00
2.980638504028320312e+00
2.911001205444335938e+00
2.983518838882446289e+00
2.927148342132568359e+00
3.008331775665283203e+00
2.884887456893920898e+00
2.965603351593017578e+00
2.952125072479248047e+00
3.004963397979736328e+00
2.892495155334472656e+00
3.001042366027832031e+00
2.968319416046142578e+00
2.863008022308349609e+00
2.956063270568847656e+00
2.924651145935058594e+00
2.952025890350341797e+00
2.933130264282226562e+00
3.072113513946533203e+00
2.914901256561279297e+00
3.115309953689575195e+00
2.945605278015136719e+00
3.006836652755737305e+00
2.904739141464233398e+00
3.074374914169311523e+00
3.001040458679199219e+00
2.876119136810302734e+00
2.799020290374755859e+00
3.007165193557739258e+00
3.025334119796752930e+00
2.930530071258544922e+00
2.887412786483764648e+00
2.871846199035644531e+00
3.165535449981689453e+00
2.920164585113525391e+00
2.960498809814453125e+00
2.961890459060668945e+00
3.025514125823974609e+00
3.017411708831787109e+00
2.987580060958862305e+00
2.962095975875854492e+00
3.004337310791015625e+00
3.069100856781005859e+00
3.020556211471557617e+00
2.913871049880981445e+00
3.083846092224121094e+00
3.047414779663085938e+00
2.914748668670654297e+00
3.015999794006347656e+00
2.963623762130737305e+00
2.998323440551757812e+00
2.973992347717285156e+00
3.008646011352539062e+00
2.876842498779296875e+00
3.017445564270019531e+00
2.883191347122192383e+00
2.809996604919433594e+00
2.845442295074462891e+00
2.989694118499755859e+00
2.969708919525146484e+00
2.931811332702636719e+00
2.969346761703491211e+00
2.997561454772949219e+00
3.055913448333740234e+00
2.963604211807250977e+00
2.959331274032592773e+00
3.000606536865234375e+00
2.986276626586914062e+00
2.961152315139770508e+00
3.018332481384277344e+00
2.913735151290893555e+00
3.023355007171630859e+00
2.891784667968750000e+00
2.958404064178466797e+00
2.956753730773925781e+00
3.028679847717285156e+00
3.033861160278320312e+00
2.996910810470581055e+00
3.005643129348754883e+00
2.945202827453613281e+00
2.994151115417480469e+00
3.048996925354003906e+00
2.942663192749023438e+00
2.947794914245605469e+00
3.037858486175537109e+00
2.900758028030395508e+00
2.951694965362548828e+00
3.061350345611572266e+00
2.973647356033325195e+00
2.900292634963989258e+00
2.991842746734619141e+00
3.043795108795166016e+00
2.994405269622802734e+00
2.996090412139892578e+00
3.039661645889282227e+00
2.851225852966308594e+00
2.892812252044677734e+00
3.107107162475585938e+00
3.047633409500122070e+00
2.877015113830566406e+00
3.201243400573730469e+00
2.975827932357788086e+00
2.931254386901855469e+00
2.999639987945556641e+00
2.992460727691650391e+00
2.979598522186279297e+00
2.831548690795898438e+00
3.117667436599731445e+00
3.042453765869140625e+00
2.954067707061767578e+00
3.065399169921875000e+00
2.989635705947875977e+00
2.908867835998535156e+00
2.916028022766113281e+00
2.927592277526855469e+00
3.002078056335449219e+00
2.754900693893432617e+00
2.963454723358154297e+00
2.938790321350097656e+00
2.959779262542724609e+00
3.076699256896972656e+00
2.944949626922607422e+00
3.021069049835205078e+00
3.004889965057373047e+00
2.947265625000000000e+00
2.936931133270263672e+00
3.009170055389404297e+00
2.961886644363403320e+00
2.977785825729370117e+00
2.997701168060302734e+00
3.059302330017089844e+00
2.846517086029052734e+00
2.914108753204345703e+00
2.935320615768432617e+00
3.018595695495605469e+00
3.012826204299926758e+00
3.135704994201660156e+00
2.925708770751953125e+00
2.881436824798583984e+00
3.055721521377563477e+00
2.857793331146240234e+00
2.874087333679199219e+00
3.015636920928955078e+00
2.958959102630615234e+00
3.006121158599853516e+00
2.959224700927734375e+00
3.096316337585449219e+00
3.026859283447265625e+00
2.952206134796142578e+00
2.909603118896484375e+00
2.827669620513916016e+00
3.026188135147094727e+00
3.004053592681884766e+00
3.019795417785644531e+00
2.969816207885742188e+00
2.893748283386230469e+00
2.986532926559448242e+00
2.965589523315429688e+00
3.057156562805175781e+00
2.951231956481933594e+00
2.918023586273193359e+00
2.998591423034667969e+00
2.951032638549804688e+00
2.801681995391845703e+00
3.026475667953491211e+00
2.926281929016113281e+00
2.874909400939941406e+00
3.047476768493652344e+00
2.962342739105224609e+00
2.960270881652832031e+00
3.100418090820312500e+00
3.046451330184936523e+00
2.964188575744628906e+00
2.951411724090576172e+00
2.993876457214355469e+00
2.904296398162841797e+00
2.969924926757812500e+00
2.866515874862670898e+00
2.958445549011230469e+00
3.034583330154418945e+00
3.037900447845458984e+00
2.836175441741943359e+00
2.991681098937988281e+00
3.004537343978881836e+00
3.036995410919189453e+00
2.884717226028442383e+00
2.902019977569580078e+00
3.014130592346191406e+00
3.015380859375000000e+00
2.942929267883300781e+00
2.793526649475097656e+00
3.058938026428222656e+00
2.914013385772705078e+00
3.040215492248535156e+00
2.860935211181640625e+00
3.128271818161010742e+00
2.847564458847045898e+00
3.033959865570068359e+00
3.026594161987304688e+00
2.990043640136718750e+00
2.957845687866210938e+00
2.964277744293212891e+00
2.964125156402587891e+00
3.057020664215087891e+00
3.070356369018554688e+00
3.005990982055664062e+00
2.959931373596191406e+00
2.961820363998413086e+00
3.036278009414672852e+00
2.993273496627807617e+00
3.023120164871215820e+00
2.990433931350708008e+00
2.999518394470214844e+00
2.879188537597656250e+00
2.944553375244140625e+00
2.844054698944091797e+00
2.928955078125000000e+00
2.890918731689453125e+00
2.928348779678344727e+00
2.859112739562988281e+00
2.912304401397705078e+00
2.889573574066162109e+00
2.934872865676879883e+00
2.995948553085327148e+00
2.856385707855224609e+00
2.940395355224609375e+00
3.033358097076416016e+00
2.955212593078613281e+00
2.942640781402587891e+00
3.060545921325683594e+00
3.009424209594726562e+00
2.924293041229248047e+00
2.802224874496459961e+00
2.963319301605224609e+00
2.910234212875366211e+00
3.014322280883789062e+00
3.097540378570556641e+00
2.937140464782714844e+00
2.976393222808837891e+00
2.951134204864501953e+00
2.969498395919799805e+00
3.029008865356445312e+00
2.825585365295410156e+00
2.920591831207275391e+00
3.016063690185546875e+00
2.880639076232910156e+00
2.859764814376831055e+00
2.811057567596435547e+00
2.893738508224487305e+00
3.151234865188598633e+00
2.994199752807617188e+00
2.900763988494873047e+00
3.096221446990966797e+00
2.970903873443603516e+00
2.950616836547851562e+00
3.033153057098388672e+00
2.963601112365722656e+00
2.821748018264770508e+00
2.868430376052856445e+00
2.949717521667480469e+00
2.854056358337402344e+00
3.012766122817993164e+00
3.083045005798339844e+00
2.890342473983764648e+00
2.865127563476562500e+00
3.035420179367065430e+00
3.103945493698120117e+00
2.946979761123657227e+00
3.100450038909912109e+00
2.886689901351928711e+00
2.909976959228515625e+00
2.957466602325439453e+00
3.156222820281982422e+00
2.936964035034179688e+00
3.008550882339477539e+00
2.857482910156250000e+00
2.831842899322509766e+00
2.982247591018676758e+00
3.071775197982788086e+00
3.063244819641113281e+00
2.969855308532714844e+00
2.903602123260498047e+00
2.991649627685546875e+00
2.969800472259521484e+00
2.951197147369384766e+00
3.000359773635864258e+00
2.971897602081298828e+00
3.102288722991943359e+00
2.805303573608398438e+00
2.981032371520996094e+00
2.787917852401733398e+00
2.923525094985961914e+00
3.045824527740478516e+00
2.884482383728027344e+00
2.796493530273437500e+00
3.027707338333129883e+00
2.992855548858642578e+00
2.933706045150756836e+00
2.926630735397338867e+00
2.962144613265991211e+00
2.956029653549194336e+00
2.955322265625000000e+00
3.019856929779052734e+00
3.037078619003295898e+00
2.948112964630126953e+00
3.131987094879150391e+00
3.024629116058349609e+00
2.988290548324584961e+00
2.955186367034912109e+00
2.993740558624267578e+00
3.015928030014038086e+00
2.937516927719116211e+00
2.983486175537109375e+00
2.897524833679199219e+00
3.015129566192626953e+00
2.992527008056640625e+00
3.116737365722656250e+00
3.092675447463989258e+00
3.094639301300048828e+00
2.990016460418701172e+00
3.036094665527343750e+00
2.901420116424560547e+00
3.011298179626464844e+00
2.973954200744628906e+00
2.935427665710449219e+00
2.816818237304687500e+00
2.990816831588745117e+00
3.011860847473144531e+00
2.948491573333740234e+00
2.988371610641479492e+00
3.028501987457275391e+00
2.967373371124267578e+00
2.987819194793701172e+00
3.045327186584472656e+00
2.918853998184204102e+00
2.947507858276367188e+00
2.889902591705322266e+00
3.058146953582763672e+00
3.027004718780517578e+00
3.106848716735839844e+00
3.046620368957519531e+00
3.059719324111938477e+00
2.921337842941284180e+00
3.015259504318237305e+00
3.049628019332885742e+00
2.963954448699951172e+00
3.069372653961181641e+00
2.852702379226684570e+00
2.940859794616699219e+00
3.012243986129760742e+00
2.973539113998413086e+00
2.989744186401367188e+00
2.952826976776123047e+00
2.977507591247558594e+00
3.103620052337646484e+00
2.855681896209716797e+00
2.991124391555786133e+00
3.110777378082275391e+00
2.989887237548828125e+00
2.905509710311889648e+00
2.919186592102050781e+00
2.963635206222534180e+00
3.023495435714721680e+00
3.119193792343139648e+00
2.971774101257324219e+00
3.003698587417602539e+00
2.919604301452636719e+00
3.010303020477294922e+00
3.088805675506591797e+00
3.021384716033935547e+00
2.937327146530151367e+00
2.994398593902587891e+00
2.942808628082275391e+00
2.997550010681152344e+00
2.980123996734619141e+00
2.942820549011230469e+00
2.966982126235961914e+00
2.929721355438232422e+00
2.922942638397216797e+00
2.981000423431396484e+00
3.023737907409667969e+00
2.966073036193847656e+00
2.879962205886840820e+00
2.945188045501708984e+00
2.942290782928466797e+00
2.961518287658691406e+00
2.909565925598144531e+00
3.026103258132934570e+00
2.977738618850708008e+00
2.983756780624389648e+00
2.930026769638061523e+00
2.869554281234741211e+00
2.994873523712158203e+00
3.086805343627929688e+00
2.957440853118896484e+00
2.993371963500976562e+00
2.975705146789550781e+00
3.053043842315673828e+00
2.887803792953491211e+00
3.070641994476318359e+00
2.904836177825927734e+00
2.951485157012939453e+00
2.937553644180297852e+00
3.001515626907348633e+00
2.965544700622558594e+00
3.068628787994384766e+00
2.955453395843505859e+00
3.006035327911376953e+00
2.772962808609008789e+00
2.983061790466308594e+00
2.884567737579345703e+00
2.970952749252319336e+00
2.985546588897705078e+00
2.958305358886718750e+00
3.046043395996093750e+00
2.889139175415039062e+00
2.950107097625732422e+00
2.921632766723632812e+00
3.008089542388916016e+00
3.045835494995117188e+00
2.964065074920654297e+00
3.070469856262207031e+00
2.950864315032958984e+00
2.979919910430908203e+00
2.983919620513916016e+00
2.849733352661132812e+00
2.803007602691650391e+00
3.102698802947998047e+00
2.938976287841796875e+00
3.001731634140014648e+00
2.980558872222900391e+00
2.999137401580810547e+00
2.956755638122558594e+00
2.934594392776489258e+00
2.874612808227539062e+00
2.967524051666259766e+00
2.916174650192260742e+00
2.816647052764892578e+00
2.894860267639160156e+00
2.864377021789550781e+00
2.958887577056884766e+00
2.879994153976440430e+00
3.005496978759765625e+00
3.039289474487304688e+00
2.892152547836303711e+00
2.969638347625732422e+00
2.893536090850830078e+00
2.993062973022460938e+00
2.911735296249389648e+00
2.973319053649902344e+00
2.865583658218383789e+00
3.001645088195800781e+00
2.979272603988647461e+00
2.981987953186035156e+00
3.031394481658935547e+00
3.004782915115356445e+00
2.994018316268920898e+00
3.075825691223144531e+00
2.989721775054931641e+00
2.908706188201904297e+00
2.929473161697387695e+00
2.959471225738525391e+00
3.141559600830078125e+00
2.960518836975097656e+00
2.862250804901123047e+00
3.131827354431152344e+00
2.963310956954956055e+00
2.869456768035888672e+00
2.907460212707519531e+00
2.921883106231689453e+00
3.025472879409790039e+00
3.055991172790527344e+00
2.982803344726562500e+00
2.993448257446289062e+00
2.861238718032836914e+00
2.868706226348876953e+00
3.072364568710327148e+00
2.916506528854370117e+00
2.847755193710327148e+00
2.958931446075439453e+00
3.019872665405273438e+00
3.073310852050781250e+00
2.891538381576538086e+00
2.954226493835449219e+00
3.012934684753417969e+00
2.980584144592285156e+00
3.037847995758056641e+00
2.953430175781250000e+00
2.957573413848876953e+00
2.907840728759765625e+00
2.894989013671875000e+00
3.115368843078613281e+00
3.044891834259033203e+00
2.903769493103027344e+00
2.817777395248413086e+00
3.012731552124023438e+00
2.996274471282958984e+00
2.969556331634521484e+00
2.846692562103271484e+00
3.031352758407592773e+00
3.012359857559204102e+00
2.986662864685058594e+00
2.972972869873046875e+00
2.828058719635009766e+00
2.935821056365966797e+00
2.938117980957031250e+00
3.005005121231079102e+00
2.943229913711547852e+00
2.826596260070800781e+00
2.976110696792602539e+00
2.964269638061523438e+00
3.012189865112304688e+00
3.096419334411621094e+00
2.961611032485961914e+00
3.046639204025268555e+00
3.044471502304077148e+00
2.995287418365478516e+00
2.884122848510742188e+00
3.096343755722045898e+00
2.946963310241699219e+00
3.107172489166259766e+00
2.954813957214355469e+00
3.023704290390014648e+00
3.035670280456542969e+00
2.881081819534301758e+00
3.010574102401733398e+00
2.938147544860839844e+00
2.983171463012695312e+00
3.107952356338500977e+00
3.040385246276855469e+00
2.880679130554199219e+00
2.971656322479248047e+00
2.914980888366699219e+00
2.910751819610595703e+00
2.912877798080444336e+00
2.951876401901245117e+00
2.971773624420166016e+00
2.943671941757202148e+00
3.059416294097900391e+00
2.964515447616577148e+00
2.990903377532958984e+00
3.026255607604980469e+00
3.094067096710205078e+00
2.964398622512817383e+00
2.930863618850708008e+00
2.964839220046997070e+00
3.000659465789794922e+00
2.917339324951171875e+00
2.826147556304931641e+00
3.083301067352294922e+00
2.926907539367675781e+00
3.109609127044677734e+00
3.018556118011474609e+00
3.038925409317016602e+00
3.059259414672851562e+00
2.859167098999023438e+00
3.074523210525512695e+00
2.913355112075805664e+00
3.034976482391357422e+00
2.808422088623046875e+00
2.920808315277099609e+00
3.161772727966308594e+00
2.679834842681884766e+00
2.827072858810424805e+00
2.855184078216552734e+00
2.965044260025024414e+00
3.026144981384277344e+00
2.924094438552856445e+00
3.041229486465454102e+00
2.868537425994873047e+00
2.934856414794921875e+00
2.972656965255737305e+00
3.057803153991699219e+00
2.940464973449707031e+00
2.843206882476806641e+00
3.035154104232788086e+00
2.939687013626098633e+00
3.009968757629394531e+00
2.961912393569946289e+00
3.097010135650634766e+00
2.910900115966796875e+00
2.940522909164428711e+00
3.035924196243286133e+00
2.935003519058227539e+00
2.940263271331787109e+00
2.938747406005859375e+00
2.910420417785644531e+00
3.001996040344238281e+00
3.025646686553955078e+00
3.041301488876342773e+00
2.936424732208251953e+00
3.022561073303222656e+00
3.018184661865234375e+00
2.976943492889404297e+00
2.832170963287353516e+00
2.943001747131347656e+00
2.928126335144042969e+00
2.883931875228881836e+00
2.972037315368652344e+00
3.001045703887939453e+00
2.909173488616943359e+00
3.069788455963134766e+00
3.028998851776123047e+00
2.905580043792724609e+00
3.028726577758789062e+00
2.896762609481811523e+00
3.006686687469482422e+00
2.960681200027465820e+00
2.982930660247802734e+00
3.085135936737060547e+00
2.840743541717529297e+00
3.108082532882690430e+00
2.957796573638916016e+00
2.989130735397338867e+00
2.913593292236328125e+00
2.955288410186767578e+00
2.915886640548706055e+00
2.939043760299682617e+00
2.826583147048950195e+00
2.802540779113769531e+00
3.001280307769775391e+00
3.061789989471435547e+00
2.861909627914428711e+00
2.987666130065917969e+00
3.006250858306884766e+00
2.978814363479614258e+00
3.013585090637207031e+00
2.963485717773437500e+00
2.861436367034912109e+00
2.987217426300048828e+00
2.940243959426879883e+00
2.901070833206176758e+00
3.066690206527709961e+00
2.862597227096557617e+00
2.966901779174804688e+00
2.923415184020996094e+00
2.992923259735107422e+00
2.851709842681884766e+00
2.947041511535644531e+00
3.020892381668090820e+00
2.990116834640502930e+00
3.075640916824340820e+00
3.015777826309204102e+00
2.861249208450317383e+00
2.979072570800781250e+00
2.951097249984741211e+00
2.943711280822753906e+00
2.907361507415771484e+00
2.948756694793701172e+00
2.772965431213378906e+00
3.024711132049560547e+00
2.947210788726806641e+00
2.990605354309082031e+00
3.016137838363647461e+00
3.117372274398803711e+00
2.964224338531494141e+00
2.912831783294677734e+00
2.782439708709716797e+00
3.002698421478271484e+00
3.051840305328369141e+00
2.850837230682373047e+00
3.017565250396728516e+00
2.969071388244628906e+00
2.981102228164672852e+00
2.869898319244384766e+00
2.956227302551269531e+00
2.988072156906127930e+00
2.976350545883178711e+00
2.940052986145019531e+00
2.973765850067138672e+00
3.087620258331298828e+00
3.077753543853759766e+00
2.976422786712646484e+00
3.061002016067504883e+00
2.982793569564819336e+00
2.949333667755126953e+00
2.949713945388793945e+00
2.889316320419311523e+00
2.949997901916503906e+00
3.060700893402099609e+00
2.890675783157348633e+00
3.020011901855468750e+00
3.087514400482177734e+00
2.967894554138183594e+00
2.992890834808349609e+00
3.074604511260986328e+00
2.909766197204589844e+00
2.945937633514404297e+00
3.052564144134521484e+00
3.045487403869628906e+00
2.938944339752197266e+00
2.941604137420654297e+00
2.931392192840576172e+00
3.018786430358886719e+00
2.985188484191894531e+00
2.915260314941406250e+00
3.109962701797485352e+00
2.921210765838623047e+00
2.959622859954833984e+00
2.966788768768310547e+00
2.866035938262939453e+00
2.991701602935791016e+00
2.999804258346557617e+00
2.927092552185058594e+00
2.934176445007324219e+00
2.929569959640502930e+00
2.985332489013671875e+00
3.065821409225463867e+00
2.992311954498291016e+00
2.943868875503540039e+00
2.908403873443603516e+00
2.899691581726074219e+00
2.990390300750732422e+00
2.864589452743530273e+00
3.015636682510375977e+00
2.960069179534912109e+00
3.002010345458984375e+00
2.971262931823730469e+00
2.867200613021850586e+00
3.095358371734619141e+00
2.929316997528076172e+00
3.062072277069091797e+00
2.994009494781494141e+00
2.973490715026855469e+00
3.044985771179199219e+00
2.948165893554687500e+00
2.978002071380615234e+00
2.930797576904296875e+00
2.953792810440063477e+00
2.982277393341064453e+00
2.875824451446533203e+00
2.888556003570556641e+00
2.996316909790039062e+00
2.969363212585449219e+00
2.977829933166503906e+00
2.974015712738037109e+00
2.909667015075683594e+00
2.805792808532714844e+00
3.043584346771240234e+00
2.918693304061889648e+00
2.952213764190673828e+00
2.958587884902954102e+00
3.095023632049560547e+00
3.042252779006958008e+00
3.042992353439331055e+00
3.019649505615234375e+00
2.813527345657348633e+00
2.987743854522705078e+00
3.046612739562988281e+00
2.899985313415527344e+00
3.039437294006347656e+00
2.986077070236206055e+00
2.914248466491699219e+00
2.848889350891113281e+00
3.012396812438964844e+00
2.976943254470825195e+00
2.969674110412597656e+00
2.839814186096191406e+00
2.971570968627929688e+00
2.939195632934570312e+00
3.021563529968261719e+00
2.966493129730224609e+00
2.835075616836547852e+00
3.039405345916748047e+00
2.962823390960693359e+00
2.970508813858032227e+00
2.912709236145019531e+00
3.067070007324218750e+00
2.902252197265625000e+00
2.838823556900024414e+00
2.937915563583374023e+00
3.029764175415039062e+00
3.031275749206542969e+00
2.927908658981323242e+00
2.906472921371459961e+00
3.004597187042236328e+00
3.059082746505737305e+00
2.901091098785400391e+00
2.906557559967041016e+00
2.993074893951416016e+00
2.920462131500244141e+00
2.854338169097900391e+00
2.815128803253173828e+00
3.032344579696655273e+00
2.934435367584228516e+00
2.980726957321166992e+00
2.959613800048828125e+00
2.955928802490234375e+00
2.857859134674072266e+00
3.067023277282714844e+00
2.969909429550170898e+00
3.051799058914184570e+00
2.927718400955200195e+00
2.996180057525634766e+00
2.859781742095947266e+00
2.862984418869018555e+00
3.071436405181884766e+00
3.031968355178833008e+00
3.080819606781005859e+00
3.002469062805175781e+00
2.993256568908691406e+00
2.925776004791259766e+00
3.043178319931030273e+00
3.038376331329345703e+00
2.911562442779541016e+00
2.932344198226928711e+00
2.981342792510986328e+00
2.847074031829833984e+00
2.972947120666503906e+00
2.899693012237548828e+00
2.968881130218505859e+00
3.087351799011230469e+00
2.892563819885253906e+00
2.972193479537963867e+00
2.986333847045898438e+00
2.999709129333496094e+00
3.105305671691894531e+00
2.984822750091552734e+00
2.957697868347167969e+00
2.846408843994140625e+00
2.954962730407714844e+00
2.808806896209716797e+00
2.954370498657226562e+00
2.948740005493164062e+00
3.013733863830566406e+00
3.032890558242797852e+00
2.940251350402832031e+00
3.032569646835327148e+00
2.872777462005615234e+00
3.028920412063598633e+00
2.883676528930664062e+00
3.033352613449096680e+00
3.176480293273925781e+00
3.076960086822509766e+00
3.095660686492919922e+00
2.897500991821289062e+00
3.000960826873779297e+00
2.932504653930664062e+00
2.992931604385375977e+00
3.083137512207031250e+00
3.083469152450561523e+00
3.086205482482910156e+00
2.997038602828979492e+00
2.903931617736816406e+00
2.953155040740966797e+00
