1.583649396896362305e+00
1.496070861816406250e+00
1.547756552696228027e+00
1.637338876724243164e+00
1.431086301803588867e+00
1.528308510780334473e+00
1.622537136077880859e+00
1.579035401344299316e+00
1.596393704414367676e+00
1.465249419212341309e+00
1.547261953353881836e+00
1.784436464309692383e+00
1.572341561317443848e+00
1.604683876037597656e+00
1.534182786941528320e+00
1.586804628372192383e+00
1.434235215187072754e+00
1.411262035369873047e+00
1.353251338005065918e+00
1.516656875610351562e+00
1.672933578491210938e+00
1.491847753524780273e+00
1.722460031509399414e+00
1.703876614570617676e+00
1.542158007621765137e+00
1.353175282478332520e+00
1.623284697532653809e+00
1.646924138069152832e+00
1.353505134582519531e+00
1.421655654907226562e+00
1.607057213783264160e+00
1.687944054603576660e+00
1.415096521377563477e+00
1.510034799575805664e+00
1.372683048248291016e+00
1.329253911972045898e+00
1.440476894378662109e+00
1.418073654174804688e+00
1.356947422027587891e+00
1.727562069892883301e+00
1.402559995651245117e+00
1.532918453216552734e+00
1.459096431732177734e+00
1.446070551872253418e+00
1.350364208221435547e+00
1.417116761207580566e+00
1.404090285301208496e+00
1.483835816383361816e+00
1.476406931877136230e+00
1.502044439315795898e+00
1.349645376205444336e+00
1.671235203742980957e+00
1.461667060852050781e+00
1.521008253097534180e+00
1.629590868949890137e+00
1.519829273223876953e+00
1.453210115432739258e+00
1.459028959274291992e+00
1.505127668380737305e+00
1.517382621765136719e+00
1.551952600479125977e+00
1.567724227905273438e+00
1.451610803604125977e+00
1.589961051940917969e+00
1.411342978477478027e+00
1.545984029769897461e+00
1.471992492675781250e+00
1.704612255096435547e+00
1.450541973114013672e+00
1.651681780815124512e+00
1.459197878837585449e+00
1.466210603713989258e+00
1.435756921768188477e+00
1.453656077384948730e+00
1.573255658149719238e+00
1.332174062728881836e+00
1.587097644805908203e+00
1.558263421058654785e+00
1.482108235359191895e+00
1.528495788574218750e+00
1.535902023315429688e+00
1.495424032211303711e+00
1.600822448730468750e+00
1.487277507781982422e+00
1.541388511657714844e+00
1.652757406234741211e+00
1.696691989898681641e+00
1.434741258621215820e+00
1.508133769035339355e+00
1.531660795211791992e+00
1.369746923446655273e+00
1.305176734924316406e+00
1.532716274261474609e+00
1.585795402526855469e+00
1.293985843658447266e+00
1.416079282760620117e+00
1.727253556251525879e+00
1.429417610168457031e+00
1.578985929489135742e+00
1.594432115554809570e+00
1.388751387596130371e+00
1.525590896606445312e+00
1.391040802001953125e+00
1.399074792861938477e+00
1.524023413658142090e+00
1.493707418441772461e+00
1.525267243385314941e+00
1.609044075012207031e+00
1.422709584236145020e+00
1.541864633560180664e+00
1.432261228561401367e+00
1.827116012573242188e+00
1.642730593681335449e+00
1.425201773643493652e+00
1.513824701309204102e+00
1.554535031318664551e+00
1.463463783264160156e+00
1.411614418029785156e+00
1.469499826431274414e+00
1.468971252441406250e+00
1.636938095092773438e+00
1.495661735534667969e+00
1.512200474739074707e+00
1.528996229171752930e+00
1.431801199913024902e+00
1.497176885604858398e+00
1.606476664543151855e+00
1.424157023429870605e+00
1.575091958045959473e+00
1.461929321289062500e+00
1.503417730331420898e+00
1.411455869674682617e+00
1.540030121803283691e+00
1.425695896148681641e+00
1.529126167297363281e+00
1.503612995147705078e+00
1.483407139778137207e+00
1.722345232963562012e+00
1.392655849456787109e+00
1.629360437393188477e+00
1.377623558044433594e+00
1.583803176879882812e+00
1.611531376838684082e+00
1.460382461547851562e+00
1.381119489669799805e+00
1.362238526344299316e+00
1.567243337631225586e+00
1.526503801345825195e+00
1.471982955932617188e+00
1.466108322143554688e+00
1.535047173500061035e+00
1.540584921836853027e+00
1.410407066345214844e+00
1.240276098251342773e+00
1.509329795837402344e+00
1.411726713180541992e+00
1.484361410140991211e+00
1.812921285629272461e+00
1.574051022529602051e+00
1.402293682098388672e+00
1.399008512496948242e+00
1.485338211059570312e+00
1.383861541748046875e+00
1.504196882247924805e+00
1.377226352691650391e+00
1.380320072174072266e+00
1.503055334091186523e+00
1.562064647674560547e+00
1.334049820899963379e+00
1.443474650382995605e+00
1.349881052970886230e+00
1.592055678367614746e+00
1.436965465545654297e+00
1.617436051368713379e+00
1.549410939216613770e+00
1.371518373489379883e+00
1.395164251327514648e+00
1.379822373390197754e+00
1.565826416015625000e+00
1.532150030136108398e+00
1.480522632598876953e+00
1.521191596984863281e+00
1.492937445640563965e+00
1.833640575408935547e+00
1.396689295768737793e+00
1.437610864639282227e+00
1.378663182258605957e+00
1.566831111907958984e+00
1.356872797012329102e+00
1.587140083312988281e+00
1.510495543479919434e+00
1.367681503295898438e+00
1.513599634170532227e+00
1.555410623550415039e+00
1.384238719940185547e+00
1.533986330032348633e+00
1.408205509185791016e+00
1.508388400077819824e+00
1.626129746437072754e+00
1.596787095069885254e+00
1.427758455276489258e+00
1.297754287719726562e+00
1.439297676086425781e+00
1.362224459648132324e+00
1.436081647872924805e+00
1.469227790832519531e+00
1.443302392959594727e+00
1.516981482505798340e+00
1.425402879714965820e+00
1.584272623062133789e+00
1.520877838134765625e+00
1.762954592704772949e+00
1.502719879150390625e+00
1.571378827095031738e+00
1.538204908370971680e+00
1.563217043876647949e+00
1.457756519317626953e+00
1.293253302574157715e+00
1.668878555297851562e+00
1.460533142089843750e+00
1.689103126525878906e+00
1.635167121887207031e+00
1.585351109504699707e+00
1.570342063903808594e+00
1.371058225631713867e+00
1.655402183532714844e+00
1.498625040054321289e+00
1.466902613639831543e+00
1.582029223442077637e+00
1.478093028068542480e+00
1.403626680374145508e+00
1.426323890686035156e+00
1.474225521087646484e+00
1.490912675857543945e+00
1.407686352729797363e+00
1.450072050094604492e+00
1.440740585327148438e+00
1.508001208305358887e+00
1.403127074241638184e+00
1.651921033859252930e+00
1.348198175430297852e+00
1.385668992996215820e+00
1.548682928085327148e+00
1.325238466262817383e+00
1.398158669471740723e+00
1.624644279479980469e+00
1.394278287887573242e+00
1.304723501205444336e+00
1.640792727470397949e+00
1.323508739471435547e+00
1.490779757499694824e+00
1.464597940444946289e+00
1.461971282958984375e+00
1.476058006286621094e+00
1.471050739288330078e+00
1.454885005950927734e+00
1.431960701942443848e+00
1.538871645927429199e+00
1.803951025009155273e+00
1.596523165702819824e+00
1.413900852203369141e+00
1.606590032577514648e+00
1.430930495262145996e+00
1.417253494262695312e+00
1.530202984809875488e+00
1.517320036888122559e+00
1.722630381584167480e+00
1.432714223861694336e+00
1.401599645614624023e+00
1.522248864173889160e+00
1.364164829254150391e+00
1.609934926033020020e+00
1.496321678161621094e+00
1.591532111167907715e+00
1.532477617263793945e+00
1.428035616874694824e+00
1.486072778701782227e+00
1.473864793777465820e+00
1.440206408500671387e+00
1.326916456222534180e+00
1.624357581138610840e+00
1.543003320693969727e+00
1.436389565467834473e+00
1.500053763389587402e+00
1.430848598480224609e+00
1.565196156501770020e+00
1.533786296844482422e+00
1.482347965240478516e+00
1.442253112792968750e+00
1.475994706153869629e+00
1.438063859939575195e+00
1.496182680130004883e+00
1.406091690063476562e+00
1.416909813880920410e+00
1.416252374649047852e+00
1.441013574600219727e+00
1.447628974914550781e+00
1.611207127571105957e+00
1.590904474258422852e+00
1.384043097496032715e+00
1.512961983680725098e+00
1.463411808013916016e+00
1.369570255279541016e+00
1.427279233932495117e+00
1.466802120208740234e+00
1.409244418144226074e+00
1.438957095146179199e+00
1.388644695281982422e+00
1.332244634628295898e+00
1.398402929306030273e+00
1.537149429321289062e+00
1.533993244171142578e+00
1.450062036514282227e+00
1.371635437011718750e+00
1.389231801033020020e+00
1.282179355621337891e+00
1.373453021049499512e+00
1.647082090377807617e+00
1.313606977462768555e+00
1.547667980194091797e+00
1.475782155990600586e+00
1.439445972442626953e+00
1.557785034179687500e+00
1.673163414001464844e+00
1.641535401344299316e+00
1.604002833366394043e+00
1.401878595352172852e+00
1.502949118614196777e+00
1.482404947280883789e+00
1.420964002609252930e+00
1.561791539192199707e+00
1.555695176124572754e+00
1.452586650848388672e+00
1.636931300163269043e+00
1.625399470329284668e+00
1.541784286499023438e+00
1.356187701225280762e+00
1.475142717361450195e+00
1.464845299720764160e+00
1.476595282554626465e+00
1.370945811271667480e+00
1.508385300636291504e+00
1.465300321578979492e+00
1.480226278305053711e+00
1.468376636505126953e+00
1.539037227630615234e+00
1.525968551635742188e+00
1.564343094825744629e+00
1.496983528137207031e+00
1.408471822738647461e+00
1.486690521240234375e+00
1.225448727607727051e+00
1.533012032508850098e+00
1.768340706825256348e+00
1.344146132469177246e+00
1.318262100219726562e+00
1.485046386718750000e+00
1.407611131668090820e+00
1.698111414909362793e+00
1.602783799171447754e+00
1.422952771186828613e+00
1.469560384750366211e+00
1.354692339897155762e+00
1.544043540954589844e+00
1.472780227661132812e+00
1.437120079994201660e+00
1.606991410255432129e+00
1.498574495315551758e+00
1.441932678222656250e+00
1.475108265876770020e+00
1.445444345474243164e+00
1.450313806533813477e+00
1.504077434539794922e+00
1.547017812728881836e+00
1.480005979537963867e+00
1.368448376655578613e+00
1.555562853813171387e+00
1.378133773803710938e+00
1.482798933982849121e+00
1.403767943382263184e+00
1.293358564376831055e+00
1.412217855453491211e+00
1.612173318862915039e+00
1.325848579406738281e+00
1.449024796485900879e+00
1.487269520759582520e+00
1.487879395484924316e+00
1.390496373176574707e+00
1.533092260360717773e+00
1.370656967163085938e+00
1.455311179161071777e+00
1.429167747497558594e+00
1.405977010726928711e+00
1.549095511436462402e+00
1.443388104438781738e+00
1.458648920059204102e+00
1.583162903785705566e+00
1.599631428718566895e+00
1.564479112625122070e+00
1.333522081375122070e+00
1.619057059288024902e+00
1.479456424713134766e+00
1.522249341011047363e+00
1.589420199394226074e+00
1.552688360214233398e+00
1.428350806236267090e+00
1.533722639083862305e+00
1.302570223808288574e+00
1.393362522125244141e+00
1.439228653907775879e+00
1.471887588500976562e+00
1.579087853431701660e+00
1.422378540039062500e+00
1.499367475509643555e+00
1.326385974884033203e+00
1.270084381103515625e+00
1.384175062179565430e+00
1.596509575843811035e+00
1.440474987030029297e+00
1.457718133926391602e+00
1.430397748947143555e+00
1.510898590087890625e+00
1.403102636337280273e+00
1.561500787734985352e+00
1.507802367210388184e+00
1.450240612030029297e+00
1.588502407073974609e+00
1.658055067062377930e+00
1.371105313301086426e+00
1.534777522087097168e+00
1.554098248481750488e+00
1.577111005783081055e+00
1.247283935546875000e+00
1.360759973526000977e+00
1.445836067199707031e+00
1.392148256301879883e+00
1.469191312789916992e+00
1.502509117126464844e+00
1.446084260940551758e+00
1.266294956207275391e+00
1.407557010650634766e+00
1.500214695930480957e+00
1.430070400238037109e+00
1.462881565093994141e+00
1.404898643493652344e+00
1.450494289398193359e+00
1.666961431503295898e+00
1.522479772567749023e+00
1.345070362091064453e+00
1.477935791015625000e+00
1.653729557991027832e+00
1.572927713394165039e+00
1.412006616592407227e+00
1.618356227874755859e+00
1.513510704040527344e+00
1.613533139228820801e+00
1.383611202239990234e+00
1.569745182991027832e+00
1.566118121147155762e+00
1.414230704307556152e+00
1.308861494064331055e+00
1.580277800559997559e+00
1.500595927238464355e+00
1.407792091369628906e+00
1.531197547912597656e+00
1.394789695739746094e+00
1.345701456069946289e+00
1.634547472000122070e+00
1.588480114936828613e+00
1.505176186561584473e+00
1.350216388702392578e+00
1.423648595809936523e+00
1.454683065414428711e+00
1.382209777832031250e+00
1.434213161468505859e+00
1.558134555816650391e+00
1.320466995239257812e+00
1.626592636108398438e+00
1.297875642776489258e+00
1.486678123474121094e+00
1.619099617004394531e+00
1.255887269973754883e+00
1.596543908119201660e+00
1.337095379829406738e+00
1.342655897140502930e+00
1.452620744705200195e+00
1.406995534896850586e+00
1.453603506088256836e+00
1.334170818328857422e+00
1.695607662200927734e+00
1.509180665016174316e+00
1.370823621749877930e+00
1.494246244430541992e+00
1.522144556045532227e+00
1.613524913787841797e+00
1.428128242492675781e+00
1.510260939598083496e+00
1.374728918075561523e+00
1.382936954498291016e+00
1.694437742233276367e+00
1.387451648712158203e+00
1.402455210685729980e+00
1.440621376037597656e+00
1.466825127601623535e+00
1.359473466873168945e+00
1.465916991233825684e+00
1.541795849800109863e+00
1.581383824348449707e+00
1.626267552375793457e+00
1.399011373519897461e+00
1.570988059043884277e+00
1.365738868713378906e+00
1.482140779495239258e+00
1.430058717727661133e+00
1.392915964126586914e+00
1.657541513442993164e+00
1.506750464439392090e+00
1.550792574882507324e+00
1.531167149543762207e+00
1.335282564163208008e+00
1.446563720703125000e+00
1.457156181335449219e+00
1.406943082809448242e+00
1.533792972564697266e+00
1.470944643020629883e+00
1.454017639160156250e+00
1.531716465950012207e+00
1.356800317764282227e+00
1.426758289337158203e+00
1.417361974716186523e+00
1.533334612846374512e+00
1.616809248924255371e+00
1.486032009124755859e+00
1.517732858657836914e+00
1.389959692955017090e+00
1.405742287635803223e+00
1.633444309234619141e+00
1.426883220672607422e+00
1.585131049156188965e+00
1.348999261856079102e+00
1.320634722709655762e+00
1.618137001991271973e+00
1.443773746490478516e+00
1.330484151840209961e+00
1.434925317764282227e+00
1.378751993179321289e+00
1.379261016845703125e+00
1.475488424301147461e+00
1.422356247901916504e+00
1.544689416885375977e+00
1.502319812774658203e+00
1.437991380691528320e+00
1.388631224632263184e+00
1.566247940063476562e+00
1.402482748031616211e+00
1.549787402153015137e+00
1.454075217247009277e+00
1.408925771713256836e+00
1.438433647155761719e+00
1.449222803115844727e+00
1.399302005767822266e+00
1.442334175109863281e+00
1.514320254325866699e+00
1.467422008514404297e+00
1.404572129249572754e+00
1.679221749305725098e+00
1.557487964630126953e+00
1.533166170120239258e+00
1.453775167465209961e+00
1.508828997611999512e+00
1.572093725204467773e+00
1.310699939727783203e+00
1.433647274971008301e+00
1.463572502136230469e+00
1.341424942016601562e+00
1.500033617019653320e+00
1.473415613174438477e+00
1.446963787078857422e+00
1.544842720031738281e+00
1.326760411262512207e+00
1.480060338973999023e+00
1.626130819320678711e+00
1.482124447822570801e+00
1.409273147583007812e+00
1.394053459167480469e+00
1.531463742256164551e+00
1.541503071784973145e+00
1.480855345726013184e+00
1.607715725898742676e+00
1.416652917861938477e+00
1.524982333183288574e+00
1.480662107467651367e+00
1.358007192611694336e+00
1.292976021766662598e+00
1.600537896156311035e+00
1.495749711990356445e+00
1.500926494598388672e+00
1.426545500755310059e+00
1.432710886001586914e+00
1.527647495269775391e+00
1.577730417251586914e+00
1.537280082702636719e+00
1.411120891571044922e+00
1.344405651092529297e+00
1.383658051490783691e+00
1.404089331626892090e+00
1.442196846008300781e+00
1.381372094154357910e+00
1.525088310241699219e+00
1.692652106285095215e+00
1.562937021255493164e+00
1.437712907791137695e+00
1.462329387664794922e+00
1.284432172775268555e+00
1.592717409133911133e+00
1.490268945693969727e+00
1.350592613220214844e+00
1.591856718063354492e+00
1.511963725090026855e+00
1.676775455474853516e+00
1.575480341911315918e+00
1.492193937301635742e+00
1.586567401885986328e+00
1.548032879829406738e+00
1.398663520812988281e+00
1.477550506591796875e+00
1.391493320465087891e+00
1.453533411026000977e+00
1.383372187614440918e+00
1.504554033279418945e+00
1.397523045539855957e+00
1.407425880432128906e+00
1.452119350433349609e+00
1.598151445388793945e+00
1.409711360931396484e+00
1.431183576583862305e+00
1.559669017791748047e+00
1.446498274803161621e+00
1.469903826713562012e+00
1.483769893646240234e+00
1.522990345954895020e+00
1.445563316345214844e+00
1.463605523109436035e+00
1.404377460479736328e+00
1.358789682388305664e+00
1.448861241340637207e+00
1.717304348945617676e+00
1.594169497489929199e+00
1.498628139495849609e+00
1.348240852355957031e+00
1.401108026504516602e+00
1.446198821067810059e+00
1.285633087158203125e+00
1.402271509170532227e+00
1.460699439048767090e+00
1.512055635452270508e+00
1.715134620666503906e+00
1.403676509857177734e+00
1.447415947914123535e+00
1.453248262405395508e+00
1.555278778076171875e+00
1.515926361083984375e+00
1.594593405723571777e+00
1.416311025619506836e+00
1.523205995559692383e+00
1.452399730682373047e+00
1.572066783905029297e+00
1.423197031021118164e+00
1.381292819976806641e+00
1.430337786674499512e+00
1.425473928451538086e+00
1.521223187446594238e+00
1.432202935218811035e+00
1.646954298019409180e+00
1.549595713615417480e+00
1.294934511184692383e+00
1.434412717819213867e+00
1.527427554130554199e+00
1.427885055541992188e+00
1.475273609161376953e+00
1.435206532478332520e+00
1.562682628631591797e+00
1.435979843139648438e+00
1.697697401046752930e+00
1.333677768707275391e+00
1.399145603179931641e+00
1.563699841499328613e+00
1.477207183837890625e+00
1.466699123382568359e+00
1.589044332504272461e+00
1.391247749328613281e+00
1.440246820449829102e+00
1.502482414245605469e+00
1.358915925025939941e+00
1.453522443771362305e+00
1.481135368347167969e+00
1.307383894920349121e+00
1.443020701408386230e+00
1.395097732543945312e+00
1.449629545211791992e+00
1.473383188247680664e+00
1.498876929283142090e+00
1.583897948265075684e+00
1.394725799560546875e+00
1.474803686141967773e+00
1.610750198364257812e+00
1.332541704177856445e+00
1.531014561653137207e+00
1.551570296287536621e+00
1.405345201492309570e+00
1.593809008598327637e+00
1.408666849136352539e+00
1.489494323730468750e+00
1.325663089752197266e+00
1.520405054092407227e+00
1.317122340202331543e+00
1.550685882568359375e+00
1.422962427139282227e+00
1.369815111160278320e+00
1.576700568199157715e+00
1.446598768234252930e+00
1.544280767440795898e+00
1.650098443031311035e+00
1.491866588592529297e+00
1.489735603332519531e+00
1.519988894462585449e+00
1.515695333480834961e+00
1.628277778625488281e+00
1.338828563690185547e+00
1.388531804084777832e+00
1.572083353996276855e+00
1.423938035964965820e+00
1.437219142913818359e+00
1.340976953506469727e+00
1.454793691635131836e+00
1.379225492477416992e+00
1.423900961875915527e+00
1.473966240882873535e+00
1.440637111663818359e+00
1.425293922424316406e+00
1.549164295196533203e+00
1.510616779327392578e+00
1.548839926719665527e+00
1.477962255477905273e+00
1.352018833160400391e+00
1.593949079513549805e+00
1.459744453430175781e+00
1.527416825294494629e+00
1.441587209701538086e+00
1.473554372787475586e+00
1.541803836822509766e+00
1.439987897872924805e+00
1.508121013641357422e+00
1.375543594360351562e+00
1.495009899139404297e+00
1.575283050537109375e+00
1.456376075744628906e+00
1.525300741195678711e+00
1.358089685440063477e+00
1.503933668136596680e+00
1.383739709854125977e+00
1.643028736114501953e+00
1.645619153976440430e+00
1.531700134277343750e+00
1.468895196914672852e+00
1.468503236770629883e+00
1.438457608222961426e+00
1.436654806137084961e+00
1.469719648361206055e+00
1.488800764083862305e+00
1.619589686393737793e+00
1.422030925750732422e+00
1.480102658271789551e+00
1.373589277267456055e+00
1.577700853347778320e+00
1.488271355628967285e+00
1.472197532653808594e+00
1.415091156959533691e+00
1.389928102493286133e+00
1.474181532859802246e+00
1.325551748275756836e+00
1.326078653335571289e+00
1.586824655532836914e+00
1.526533365249633789e+00
1.353212475776672363e+00
1.419952630996704102e+00
1.453491926193237305e+00
1.398401618003845215e+00
1.425728559494018555e+00
1.307656288146972656e+00
1.424092411994934082e+00
1.570507645606994629e+00
1.594550013542175293e+00
1.627775549888610840e+00
1.546599030494689941e+00
1.444313645362854004e+00
1.529565453529357910e+00
1.505481719970703125e+00
1.298284530639648438e+00
1.473483800888061523e+00
1.376211881637573242e+00
1.547883749008178711e+00
1.373908638954162598e+00
1.421329259872436523e+00
1.548297762870788574e+00
1.561823248863220215e+00
1.344201326370239258e+00
1.376506328582763672e+00
1.641748428344726562e+00
1.519352436065673828e+00
1.555588126182556152e+00
1.384307742118835449e+00
1.432050704956054688e+00
1.471098661422729492e+00
1.418961048126220703e+00
1.482228398323059082e+00
1.443248033523559570e+00
1.347378015518188477e+00
1.244574785232543945e+00
1.751131653785705566e+00
1.483194112777709961e+00
1.381791949272155762e+00
1.406243085861206055e+00
1.657261252403259277e+00
1.435880780220031738e+00
1.556038975715637207e+00
1.447985291481018066e+00
1.431101679801940918e+00
1.523031949996948242e+00
1.361570596694946289e+00
1.427033782005310059e+00
1.300558090209960938e+00
1.470032334327697754e+00
1.508181810379028320e+00
1.463386774063110352e+00
1.369558095932006836e+00
1.463484048843383789e+00
1.390523552894592285e+00
1.477199554443359375e+00
1.452031135559082031e+00
1.482543468475341797e+00
1.306779026985168457e+00
1.433521747589111328e+00
1.575095653533935547e+00
1.420302391052246094e+00
1.490595817565917969e+00
1.503473281860351562e+00
1.309657573699951172e+00
1.467008590698242188e+00
1.418317556381225586e+00
1.454450130462646484e+00
1.389668941497802734e+00
1.524246096611022949e+00
1.464662790298461914e+00
1.494111299514770508e+00
1.330985188484191895e+00
1.398012518882751465e+00
1.667204380035400391e+00
1.508304357528686523e+00
1.281341075897216797e+00
1.587312340736389160e+00
1.476814985275268555e+00
1.385067462921142578e+00
1.542099237442016602e+00
1.548554062843322754e+00
1.663255691528320312e+00
1.839638113975524902e+00
1.482379674911499023e+00
1.471847653388977051e+00
1.456631898880004883e+00
1.428948640823364258e+00
1.525484204292297363e+00
1.563491344451904297e+00
1.477382659912109375e+00
1.558192610740661621e+00
1.396795749664306641e+00
1.472795009613037109e+00
1.315773963928222656e+00
1.333225607872009277e+00
1.461020708084106445e+00
1.484355449676513672e+00
1.525349736213684082e+00
1.268625617027282715e+00
1.501366138458251953e+00
1.429320335388183594e+00
1.475166797637939453e+00
1.408292770385742188e+00
1.469891190528869629e+00
1.395301580429077148e+00
1.376575112342834473e+00
1.531193137168884277e+00
1.430447816848754883e+00
1.441850543022155762e+00
1.441419959068298340e+00
1.469446301460266113e+00
1.393340945243835449e+00
1.588406682014465332e+00
1.692234992980957031e+00
1.574297904968261719e+00
1.607922554016113281e+00
1.355480909347534180e+00
1.383577466011047363e+00
1.483471155166625977e+00
1.416323900222778320e+00
1.522919178009033203e+00
1.409485340118408203e+00
1.516371369361877441e+00
1.365531325340270996e+00
1.360370635986328125e+00
1.508611321449279785e+00
1.409360408782958984e+00
1.363165616989135742e+00
1.393199205398559570e+00
1.445120096206665039e+00
1.456748843193054199e+00
1.445725202560424805e+00
1.653301239013671875e+00
1.447990417480468750e+00
1.476267576217651367e+00
1.525323271751403809e+00
1.579440236091613770e+00
1.391010642051696777e+00
1.587459802627563477e+00
1.537075638771057129e+00
1.603556990623474121e+00
1.367404699325561523e+00
1.483901500701904297e+00
1.604308009147644043e+00
1.364959955215454102e+00
1.496283173561096191e+00
1.383134722709655762e+00
1.502036690711975098e+00
1.375541090965270996e+00
1.349357366561889648e+00
1.371761918067932129e+00
1.598776102066040039e+00
1.479361057281494141e+00
1.422504901885986328e+00
1.567620396614074707e+00
1.433270692825317383e+00
1.529497504234313965e+00
1.362838029861450195e+00
1.476362109184265137e+00
1.417516946792602539e+00
1.466128110885620117e+00
1.415208339691162109e+00
1.361907005310058594e+00
1.414631605148315430e+00
1.397001743316650391e+00
1.545201778411865234e+00
1.413818240165710449e+00
1.530628442764282227e+00
1.563356399536132812e+00
1.486960172653198242e+00
1.560334682464599609e+00
1.399168252944946289e+00
1.615686774253845215e+00
1.510967969894409180e+00
1.395967006683349609e+00
1.488608121871948242e+00
1.391210079193115234e+00
1.456835746765136719e+00
1.488129615783691406e+00
1.533034563064575195e+00
1.380040168762207031e+00
1.557363152503967285e+00
1.492977261543273926e+00
1.594337105751037598e+00
1.550329804420471191e+00
1.395063757896423340e+00
1.578203678131103516e+00
1.451400279998779297e+00
1.537564158439636230e+00
1.541892528533935547e+00
1.395823001861572266e+00
1.598341822624206543e+00
1.549921870231628418e+00
1.614738345146179199e+00
1.479683160781860352e+00
1.310723543167114258e+00
1.430591583251953125e+00
1.465841770172119141e+00
1.479597806930541992e+00
1.377754449844360352e+00
1.555380821228027344e+00
1.389235019683837891e+00
1.620471000671386719e+00
1.486600637435913086e+00
1.384233832359313965e+00
1.429546117782592773e+00
1.539833188056945801e+00
1.398540258407592773e+00
1.580090761184692383e+00
1.441556334495544434e+00
1.570873141288757324e+00
1.537274718284606934e+00
1.382455110549926758e+00
1.491785168647766113e+00
1.481084585189819336e+00
1.629195928573608398e+00
1.446063041687011719e+00
1.481445550918579102e+00
1.508123159408569336e+00
1.294873952865600586e+00
1.396126270294189453e+00
1.428572654724121094e+00
1.339101314544677734e+00
1.388706445693969727e+00
1.551376342773437500e+00
1.475196838378906250e+00
1.398792505264282227e+00
1.543655157089233398e+00
1.582160592079162598e+00
1.576328277587890625e+00
1.466041088104248047e+00
1.368100166320800781e+00
1.443716883659362793e+00
1.474737882614135742e+00
1.390755534172058105e+00
1.467715620994567871e+00
1.443707466125488281e+00
1.443326354026794434e+00
1.411711454391479492e+00
1.360963344573974609e+00
1.679490089416503906e+00
1.410978555679321289e+00
1.396250724792480469e+00
1.481386542320251465e+00
1.459818363189697266e+00
1.513300180435180664e+00
1.660967946052551270e+00
1.482739686965942383e+00
1.365903139114379883e+00
1.521745085716247559e+00
1.338511705398559570e+00
1.458294868469238281e+00
1.360288143157958984e+00
1.448444247245788574e+00
1.538450002670288086e+00
1.417754173278808594e+00
1.592777371406555176e+00
1.364927768707275391e+00
1.468180656433105469e+00
1.393519282341003418e+00
1.476948976516723633e+00
1.356572151184082031e+00
1.521706104278564453e+00
1.458381175994873047e+00
1.589332222938537598e+00
1.527963280677795410e+00
1.491389036178588867e+00
1.595420122146606445e+00
1.477301478385925293e+00
1.476810693740844727e+00
1.541951060295104980e+00
1.502233505249023438e+00
1.420381546020507812e+00
1.341908216476440430e+00
1.323599815368652344e+00
1.587524771690368652e+00
1.437418460845947266e+00
1.273518919944763184e+00
1.362379312515258789e+00
1.382648706436157227e+00
1.266105413436889648e+00
1.426110506057739258e+00
1.634045004844665527e+00
1.358224153518676758e+00
1.537172913551330566e+00
1.584770560264587402e+00
1.509722590446472168e+00
1.697662711143493652e+00
1.414316177368164062e+00
1.322770595550537109e+00
1.424057245254516602e+00
1.361429572105407715e+00
1.384159803390502930e+00
1.570718646049499512e+00
1.457607984542846680e+00
1.683918118476867676e+00
1.488750219345092773e+00
1.729851961135864258e+00
1.472876787185668945e+00
1.456640005111694336e+00
1.521477937698364258e+00
1.451050758361816406e+00
1.593587040901184082e+00
1.300697326660156250e+00
1.519150614738464355e+00
1.488521099090576172e+00
1.361670494079589844e+00
1.434779286384582520e+00
1.547170758247375488e+00
1.364544868469238281e+00
1.421988964080810547e+00
1.488091468811035156e+00
1.624391555786132812e+00
1.676476120948791504e+00
1.378359556198120117e+00
1.438491821289062500e+00
1.540024876594543457e+00
1.375523805618286133e+00
1.425798177719116211e+00
1.383038043975830078e+00
1.380482196807861328e+00
1.416166305541992188e+00
1.313250303268432617e+00
1.352821588516235352e+00
1.408319473266601562e+00
1.417977809906005859e+00
1.786009073257446289e+00
1.254718780517578125e+00
1.438354253768920898e+00
1.594507575035095215e+00
1.456301212310791016e+00
1.288062334060668945e+00
1.470892071723937988e+00
1.417863726615905762e+00
1.461514234542846680e+00
1.500603199005126953e+00
1.455062031745910645e+00
1.309165000915527344e+00
1.471827030181884766e+00
1.540826797485351562e+00
1.508910894393920898e+00
1.408883452415466309e+00
1.697736024856567383e+00
1.565965771675109863e+00
1.426449060440063477e+00
1.378488779067993164e+00
1.603614211082458496e+00
1.336746692657470703e+00
1.742759585380554199e+00
1.380802869796752930e+00
1.407547712326049805e+00
1.457267761230468750e+00
1.427054405212402344e+00
1.619206309318542480e+00
1.456406831741333008e+00
1.656270861625671387e+00
1.371257424354553223e+00
1.776872038841247559e+00
1.467208981513977051e+00
1.558608889579772949e+00
1.478085160255432129e+00
1.512648582458496094e+00
1.451917648315429688e+00
1.442782521247863770e+00
1.509107947349548340e+00
1.529411554336547852e+00
1.295542001724243164e+00
1.439415216445922852e+00
1.520638585090637207e+00
1.533735156059265137e+00
1.482684612274169922e+00
1.556703567504882812e+00
1.272500157356262207e+00
1.658969283103942871e+00
1.495405435562133789e+00
1.711812496185302734e+00
1.406285047531127930e+00
1.363813638687133789e+00
1.449869990348815918e+00
1.465862989425659180e+00
1.579359054565429688e+00
1.338639140129089355e+00
1.394056677818298340e+00
1.491296648979187012e+00
1.608749628067016602e+00
1.434718847274780273e+00
1.473042130470275879e+00
1.388914823532104492e+00
1.502253293991088867e+00
1.409374237060546875e+00
1.426017284393310547e+00
1.361972689628601074e+00
1.532933473587036133e+00
1.250336289405822754e+00
1.506273269653320312e+00
1.476765513420104980e+00
1.391356945037841797e+00
1.338599681854248047e+00
1.463700532913208008e+00
1.608721017837524414e+00
1.648321747779846191e+00
1.456899166107177734e+00
1.453438639640808105e+00
1.526827812194824219e+00
1.640370965003967285e+00
1.432084083557128906e+00
1.429556369781494141e+00
1.488557577133178711e+00
1.498535156250000000e+00
1.357901692390441895e+00
1.308293581008911133e+00
1.407416224479675293e+00
1.457014918327331543e+00
1.356967687606811523e+00
1.585207939147949219e+00
1.519761085510253906e+00
1.355741739273071289e+00
1.503554105758666992e+00
1.350304126739501953e+00
1.392922401428222656e+00
1.561171174049377441e+00
1.406206488609313965e+00
1.517859935760498047e+00
1.440248489379882812e+00
1.359468460083007812e+00
1.842514276504516602e+00
1.433253049850463867e+00
1.381850242614746094e+00
1.487267732620239258e+00
1.323626041412353516e+00
1.499240636825561523e+00
1.488590002059936523e+00
1.499583363533020020e+00
1.657872557640075684e+00
1.525563120841979980e+00
1.432829737663269043e+00
1.359426975250244141e+00
1.512018680572509766e+00
1.331635236740112305e+00
1.517548561096191406e+00
1.630735278129577637e+00
1.320837259292602539e+00
1.515115976333618164e+00
1.416682481765747070e+00
1.547011852264404297e+00
1.619555354118347168e+00
1.382689237594604492e+00
1.502405405044555664e+00
1.553657770156860352e+00
1.421931028366088867e+00
1.457025170326232910e+00
1.530966520309448242e+00
1.354028224945068359e+00
1.375106811523437500e+00
1.533389568328857422e+00
1.584609270095825195e+00
1.593385696411132812e+00
1.405188560485839844e+00
1.461742043495178223e+00
1.560244083404541016e+00
1.323087096214294434e+00
1.412194013595581055e+00
1.353880643844604492e+00
1.452019333839416504e+00
1.454839110374450684e+00
1.432839393615722656e+00
1.345839500427246094e+00
1.456405878067016602e+00
1.428068399429321289e+00
1.458703279495239258e+00
1.389763236045837402e+00
1.506978988647460938e+00
1.556586503982543945e+00
1.305912494659423828e+00
1.531896233558654785e+00
1.530101418495178223e+00
1.537375926971435547e+00
1.418300151824951172e+00
1.399434328079223633e+00
1.378899812698364258e+00
1.557293176651000977e+00
1.415499925613403320e+00
1.615841865539550781e+00
1.435630917549133301e+00
1.382875561714172363e+00
1.640709996223449707e+00
1.378844976425170898e+00
1.489049673080444336e+00
1.508515596389770508e+00
1.477632522583007812e+00
1.529710054397583008e+00
1.368494510650634766e+00
1.319098949432373047e+00
1.339123964309692383e+00
1.322608709335327148e+00
1.593830704689025879e+00
1.494269847869873047e+00
1.387654304504394531e+00
1.427199959754943848e+00
1.526321649551391602e+00
1.345788002014160156e+00
1.501208305358886719e+00
1.528706550598144531e+00
1.504731416702270508e+00
1.392349481582641602e+00
1.391334891319274902e+00
1.551709413528442383e+00
1.320554852485656738e+00
1.396211743354797363e+00
1.443507194519042969e+00
1.541617155075073242e+00
1.544805288314819336e+00
1.508823275566101074e+00
1.475841999053955078e+00
1.374575138092041016e+00
1.588861823081970215e+00
1.470430135726928711e+00
1.515053153038024902e+00
1.626307964324951172e+00
1.615781664848327637e+00
1.515923261642456055e+00
1.430917978286743164e+00
1.449985742568969727e+00
1.440930128097534180e+00
1.436224699020385742e+00
1.369996309280395508e+00
1.504225730895996094e+00
1.408966779708862305e+00
1.339189171791076660e+00
1.585304260253906250e+00
1.505195021629333496e+00
1.408998012542724609e+00
1.556268930435180664e+00
1.577563047409057617e+00
1.507876753807067871e+00
1.400890588760375977e+00
1.392577767372131348e+00
1.513704776763916016e+00
1.647485613822937012e+00
1.405855655670166016e+00
1.397702455520629883e+00
1.502324104309082031e+00
1.458762884140014648e+00
1.522305965423583984e+00
1.344594955444335938e+00
1.530965924263000488e+00
1.442184329032897949e+00
1.474669456481933594e+00
1.603758811950683594e+00
1.466897726058959961e+00
1.537789940834045410e+00
1.469225525856018066e+00
1.357611179351806641e+00
1.422368407249450684e+00
1.675425291061401367e+00
1.478813886642456055e+00
1.479456067085266113e+00
1.429461956024169922e+00
1.306503057479858398e+00
1.459192991256713867e+00
1.539828538894653320e+00
1.396107912063598633e+00
1.302004814147949219e+00
1.549949407577514648e+00
1.378456115722656250e+00
1.299804210662841797e+00
1.479927539825439453e+00
1.468709707260131836e+00
1.388725042343139648e+00
1.373969793319702148e+00
1.438342928886413574e+00
1.542463302612304688e+00
1.489299297332763672e+00
1.505373954772949219e+00
1.553148269653320312e+00
1.414140105247497559e+00
1.487957000732421875e+00
1.677322387695312500e+00
1.555744051933288574e+00
1.500715255737304688e+00
1.582872390747070312e+00
1.464064240455627441e+00
1.402949571609497070e+00
1.361233472824096680e+00
1.586014986038208008e+00
1.409792900085449219e+00
1.283280134201049805e+00
1.442940235137939453e+00
1.547420382499694824e+00
1.318461179733276367e+00
1.280852794647216797e+00
1.311943888664245605e+00
1.519622206687927246e+00
1.427364587783813477e+00
1.606636524200439453e+00
1.492670178413391113e+00
1.468199014663696289e+00
1.557433605194091797e+00
1.482079505920410156e+00
1.595554947853088379e+00
1.375229477882385254e+00
1.498911738395690918e+00
1.409152269363403320e+00
1.489955902099609375e+00
1.481215238571166992e+00
1.511044979095458984e+00
1.624390125274658203e+00
1.306725978851318359e+00
1.563081741333007812e+00
1.403446435928344727e+00
1.377653598785400391e+00
1.531473040580749512e+00
1.713216185569763184e+00
1.352843523025512695e+00
1.368268013000488281e+00
1.589335680007934570e+00
1.459674119949340820e+00
1.524524092674255371e+00
1.543277382850646973e+00
1.257398366928100586e+00
1.415513038635253906e+00
1.486013174057006836e+00
1.572861552238464355e+00
1.320924758911132812e+00
1.515704154968261719e+00
1.486507892608642578e+00
1.550649046897888184e+00
1.370712041854858398e+00
1.411511540412902832e+00
1.600417017936706543e+00
1.380588293075561523e+00
1.467864751815795898e+00
1.696488499641418457e+00
1.509418725967407227e+00
1.548674106597900391e+00
1.577107191085815430e+00
1.562591433525085449e+00
1.363157272338867188e+00
1.435455083847045898e+00
1.399247169494628906e+00
1.391222953796386719e+00
1.503584861755371094e+00
1.562726140022277832e+00
1.374369144439697266e+00
1.462992906570434570e+00
1.443023443222045898e+00
1.428184628486633301e+00
1.640460848808288574e+00
1.315799713134765625e+00
1.469226002693176270e+00
1.326703071594238281e+00
1.375751376152038574e+00
1.602274298667907715e+00
1.394930362701416016e+00
1.345749855041503906e+00
1.459845662117004395e+00
1.508142948150634766e+00
1.414845705032348633e+00
1.484630107879638672e+00
1.475928068161010742e+00
1.318395376205444336e+00
1.325208187103271484e+00
1.669825077056884766e+00
1.511902332305908203e+00
1.406752586364746094e+00
1.509262561798095703e+00
1.356375217437744141e+00
1.348274230957031250e+00
1.463723897933959961e+00
1.482993602752685547e+00
1.461530685424804688e+00
1.499371767044067383e+00
1.401856541633605957e+00
1.401118040084838867e+00
1.322919845581054688e+00
1.500224709510803223e+00
1.572808861732482910e+00
1.488296151161193848e+00
1.465268254280090332e+00
1.483608365058898926e+00
1.409554958343505859e+00
1.398130893707275391e+00
1.480451822280883789e+00
1.355381965637207031e+00
1.434099197387695312e+00
1.381470918655395508e+00
1.560361146926879883e+00
1.634869098663330078e+00
1.374297142028808594e+00
1.508845329284667969e+00
1.477053642272949219e+00
1.522681593894958496e+00
1.305449724197387695e+00
1.424650192260742188e+00
1.694520950317382812e+00
1.382948517799377441e+00
1.383934259414672852e+00
1.453313469886779785e+00
1.782584309577941895e+00
1.394576311111450195e+00
1.499824047088623047e+00
1.345823764801025391e+00
1.428845405578613281e+00
1.458174943923950195e+00
1.614715099334716797e+00
1.566648364067077637e+00
1.453885674476623535e+00
1.482987046241760254e+00
1.657968282699584961e+00
1.391126990318298340e+00
1.383305311203002930e+00
1.438702464103698730e+00
1.425593018531799316e+00
1.469691038131713867e+00
1.397984027862548828e+00
1.458973169326782227e+00
1.339150428771972656e+00
1.497103214263916016e+00
1.505581855773925781e+00
1.593500733375549316e+00
1.573819279670715332e+00
1.548700571060180664e+00
1.519972085952758789e+00
1.379192590713500977e+00
1.604756951332092285e+00
1.488423585891723633e+00
1.472901582717895508e+00
1.455863237380981445e+00
1.423598647117614746e+00
1.357415437698364258e+00
1.349673151969909668e+00
1.387603759765625000e+00
1.593160152435302734e+00
1.467002749443054199e+00
1.531146645545959473e+00
1.389672756195068359e+00
1.382080078125000000e+00
1.484683513641357422e+00
1.503868818283081055e+00
1.551453471183776855e+00
1.396422147750854492e+00
1.536909222602844238e+00
1.392483472824096680e+00
1.428554534912109375e+00
1.537151455879211426e+00
1.452220439910888672e+00
1.584403276443481445e+00
1.465933799743652344e+00
1.553883671760559082e+00
1.361065268516540527e+00
1.392258167266845703e+00
1.433966398239135742e+00
1.547357201576232910e+00
1.451035976409912109e+00
1.403443813323974609e+00
1.633877277374267578e+00
1.440175056457519531e+00
1.393072128295898438e+00
1.461091876029968262e+00
1.371198654174804688e+00
1.589305281639099121e+00
1.445608854293823242e+00
1.414577007293701172e+00
1.343096017837524414e+00
1.433886051177978516e+00
1.412721037864685059e+00
1.375926017761230469e+00
1.563691854476928711e+00
1.485297918319702148e+00
1.460865974426269531e+00
1.624814033508300781e+00
1.493168592453002930e+00
1.506599664688110352e+00
1.502542495727539062e+00
1.436559677124023438e+00
1.556604862213134766e+00
1.538138389587402344e+00
1.394835591316223145e+00
1.433144092559814453e+00
1.344419717788696289e+00
1.422994852066040039e+00
1.576052188873291016e+00
1.307259082794189453e+00
1.648428916931152344e+00
1.464200496673583984e+00
1.494513988494873047e+00
1.303586483001708984e+00
1.411412954330444336e+00
1.533213019371032715e+00
1.459935188293457031e+00
1.353659987449645996e+00
1.724174261093139648e+00
1.440665364265441895e+00
1.517762064933776855e+00
1.379293084144592285e+00
1.557786941528320312e+00
1.468156695365905762e+00
1.475727558135986328e+00
1.558689713478088379e+00
1.463747024536132812e+00
1.333468317985534668e+00
1.504762649536132812e+00
1.464435100555419922e+00
1.433199882507324219e+00
1.292734861373901367e+00
1.279262065887451172e+00
1.460261225700378418e+00
1.633165597915649414e+00
1.428813815116882324e+00
1.459885597229003906e+00
1.353310823440551758e+00
1.588253140449523926e+00
1.487784385681152344e+00
1.460527062416076660e+00
1.379826903343200684e+00
1.475523829460144043e+00
1.650351524353027344e+00
1.444285392761230469e+00
1.518876671791076660e+00
1.426747322082519531e+00
1.438486099243164062e+00
1.602379798889160156e+00
1.454481363296508789e+00
1.391166210174560547e+00
1.668373107910156250e+00
1.438503503799438477e+00
1.590486407279968262e+00
1.447020769119262695e+00
1.395777106285095215e+00
1.543476581573486328e+00
1.255076169967651367e+00
1.468388319015502930e+00
1.541635513305664062e+00
1.320988178253173828e+00
1.340093135833740234e+00
1.452404499053955078e+00
1.633714675903320312e+00
1.391693592071533203e+00
1.447285175323486328e+00
1.653666496276855469e+00
1.514216542243957520e+00
1.298433661460876465e+00
1.422412872314453125e+00
1.470869421958923340e+00
1.532211422920227051e+00
1.472180604934692383e+00
1.501872539520263672e+00
1.760409474372863770e+00
1.613058567047119141e+00
1.525939822196960449e+00
1.379715681076049805e+00
1.538405179977416992e+00
1.417802810668945312e+00
1.395231485366821289e+00
1.703272938728332520e+00
1.319682478904724121e+00
1.543493390083312988e+00
1.418439030647277832e+00
1.355678200721740723e+00
1.362153291702270508e+00
1.540860295295715332e+00
1.456956863403320312e+00
1.567020535469055176e+00
1.430914878845214844e+00
1.396326541900634766e+00
1.449908733367919922e+00
1.416581153869628906e+00
1.522852659225463867e+00
1.419065952301025391e+00
1.336237907409667969e+00
1.601354718208312988e+00
1.383210897445678711e+00
1.420680522918701172e+00
1.423594951629638672e+00
1.509019017219543457e+00
1.455074429512023926e+00
1.459758758544921875e+00
1.389591693878173828e+00
1.328501701354980469e+00
1.414949655532836914e+00
1.369250059127807617e+00
1.356626749038696289e+00
1.514495134353637695e+00
1.797802090644836426e+00
1.444642305374145508e+00
1.401980280876159668e+00
1.448783397674560547e+00
1.498810291290283203e+00
1.331140279769897461e+00
1.465986132621765137e+00
1.414455413818359375e+00
1.340115070343017578e+00
1.463603854179382324e+00
1.417012214660644531e+00
1.583736658096313477e+00
1.360113382339477539e+00
1.296338558197021484e+00
1.604548096656799316e+00
1.544207215309143066e+00
1.405561447143554688e+00
1.438540339469909668e+00
1.494307041168212891e+00
1.393953680992126465e+00
1.418492078781127930e+00
1.486795425415039062e+00
1.461200118064880371e+00
1.584885120391845703e+00
1.690812230110168457e+00
1.469603657722473145e+00
1.417324185371398926e+00
1.649798154830932617e+00
1.489557743072509766e+00
1.317235946655273438e+00
1.587265729904174805e+00
1.517181038856506348e+00
1.545153260231018066e+00
1.360710144042968750e+00
1.652011871337890625e+00
1.523302197456359863e+00
1.484105229377746582e+00
1.455036997795104980e+00
1.329591989517211914e+00
1.601025938987731934e+00
1.711585640907287598e+00
1.388895988464355469e+00
1.365523934364318848e+00
1.473354220390319824e+00
1.499813079833984375e+00
1.441109657287597656e+00
1.275443196296691895e+00
1.393452405929565430e+00
1.546159148216247559e+00
1.388992071151733398e+00
1.387646436691284180e+00
1.390323042869567871e+00
1.324008941650390625e+00
1.451067447662353516e+00
1.427332162857055664e+00
1.393082380294799805e+00
1.453315973281860352e+00
1.553152918815612793e+00
1.385370135307312012e+00
1.373523473739624023e+00
1.426604986190795898e+00
1.327125787734985352e+00
1.472968578338623047e+00
1.540205359458923340e+00
1.541943788528442383e+00
1.718597412109375000e+00
1.494788408279418945e+00
1.584081172943115234e+00
1.432252764701843262e+00
1.616466403007507324e+00
1.602612972259521484e+00
1.452341556549072266e+00
1.380250573158264160e+00
1.655063748359680176e+00
1.514017820358276367e+00
1.470023036003112793e+00
1.438611865043640137e+00
1.380650520324707031e+00
1.395929455757141113e+00
1.611006617546081543e+00
1.537067890167236328e+00
1.369325876235961914e+00
1.403997182846069336e+00
1.600665807723999023e+00
1.595840215682983398e+00
1.336524963378906250e+00
1.483353614807128906e+00
1.517513513565063477e+00
1.415802955627441406e+00
1.328764796257019043e+00
1.346285581588745117e+00
1.482129096984863281e+00
1.623890638351440430e+00
1.458493471145629883e+00
1.425041556358337402e+00
1.524497509002685547e+00
1.566880583763122559e+00
1.496705889701843262e+00
1.585864782333374023e+00
1.424104094505310059e+00
1.423157453536987305e+00
1.382566452026367188e+00
1.561048150062561035e+00
1.469460725784301758e+00
1.437505245208740234e+00
1.393884539604187012e+00
1.519287467002868652e+00
1.344412565231323242e+00
1.626142621040344238e+00
1.422424554824829102e+00
1.488814353942871094e+00
1.705527782440185547e+00
1.421503067016601562e+00
1.414605975151062012e+00
1.574924945831298828e+00
1.389071941375732422e+00
1.417459726333618164e+00
1.530296325683593750e+00
1.685107231140136719e+00
1.342990279197692871e+00
1.411440134048461914e+00
1.448507785797119141e+00
1.596196532249450684e+00
1.406672954559326172e+00
1.344798564910888672e+00
1.441991090774536133e+00
1.429564476013183594e+00
1.457427382469177246e+00
1.365418314933776855e+00
1.492282390594482422e+00
1.347360014915466309e+00
1.416819810867309570e+00
1.431069612503051758e+00
1.397548675537109375e+00
1.385473251342773438e+00
1.482335567474365234e+00
1.389316439628601074e+00
1.390958547592163086e+00
1.567107439041137695e+00
1.505310654640197754e+00
1.725466609001159668e+00
1.443445444107055664e+00
1.566495537757873535e+00
1.463693618774414062e+00
1.513790369033813477e+00
1.421673536300659180e+00
1.387563109397888184e+00
1.718902349472045898e+00
1.506637811660766602e+00
1.455649495124816895e+00
1.485435247421264648e+00
1.576366782188415527e+00
1.566692471504211426e+00
1.419931173324584961e+00
1.497905850410461426e+00
1.550503969192504883e+00
1.275179386138916016e+00
1.454440116882324219e+00
1.411702394485473633e+00
1.628195405006408691e+00
1.597490191459655762e+00
1.492072820663452148e+00
1.435939788818359375e+00
1.414626717567443848e+00
1.429492712020874023e+00
1.325178384780883789e+00
1.460683822631835938e+00
1.564164400100708008e+00
1.540085196495056152e+00
1.445864915847778320e+00
1.376682758331298828e+00
1.483615875244140625e+00
1.571535825729370117e+00
1.324348211288452148e+00
1.548891782760620117e+00
1.401543974876403809e+00
1.345721125602722168e+00
1.520645380020141602e+00
1.442777514457702637e+00
1.361257672309875488e+00
1.389109253883361816e+00
1.571352005004882812e+00
1.578453421592712402e+00
1.497224569320678711e+00
1.355770587921142578e+00
1.487515211105346680e+00
1.347432374954223633e+00
1.315087556838989258e+00
1.426247835159301758e+00
1.415775418281555176e+00
1.639001131057739258e+00
1.487282395362854004e+00
1.473569393157958984e+00
1.396275281906127930e+00
1.355624794960021973e+00
1.592785358428955078e+00
1.593125820159912109e+00
1.554548025131225586e+00
1.351852416992187500e+00
1.322641849517822266e+00
1.355876088142395020e+00
1.538738846778869629e+00
1.374059557914733887e+00
1.487349271774291992e+00
1.551239728927612305e+00
1.499059200286865234e+00
1.485740184783935547e+00
1.766417145729064941e+00
1.523499369621276855e+00
1.518246293067932129e+00
1.529534101486206055e+00
1.468703031539916992e+00
1.446010351181030273e+00
1.366351127624511719e+00
1.436781406402587891e+00
1.443324327468872070e+00
1.308611750602722168e+00
1.401010990142822266e+00
1.512817978858947754e+00
1.281674146652221680e+00
1.381356358528137207e+00
1.443025112152099609e+00
1.462213277816772461e+00
1.467776179313659668e+00
1.383091092109680176e+00
1.348320722579956055e+00
1.478915214538574219e+00
1.440860867500305176e+00
1.382538080215454102e+00
1.486989974975585938e+00
1.425919532775878906e+00
1.589315176010131836e+00
1.454638242721557617e+00
1.605605363845825195e+00
1.430510997772216797e+00
1.606476664543151855e+00
1.501728534698486328e+00
1.407555460929870605e+00
1.719706177711486816e+00
1.319687008857727051e+00
1.356024503707885742e+00
1.412737846374511719e+00
1.437365293502807617e+00
1.616188764572143555e+00
1.446389198303222656e+00
1.410296440124511719e+00
1.444779872894287109e+00
1.529379725456237793e+00
1.398562192916870117e+00
1.311859726905822754e+00
1.343950271606445312e+00
1.381642699241638184e+00
1.597355246543884277e+00
1.537601709365844727e+00
1.452929258346557617e+00
1.347973108291625977e+00
1.427850604057312012e+00
1.598151803016662598e+00
1.589709520339965820e+00
1.360165596008300781e+00
1.453097224235534668e+00
1.559980154037475586e+00
1.467784881591796875e+00
1.371986865997314453e+00
1.578724026679992676e+00
1.306441068649291992e+00
1.418305397033691406e+00
1.462989330291748047e+00
1.438028812408447266e+00
1.590368866920471191e+00
1.434107065200805664e+00
1.496335268020629883e+00
1.404316186904907227e+00
1.424188137054443359e+00
1.516081094741821289e+00
1.410830616950988770e+00
1.462724685668945312e+00
1.509679436683654785e+00
1.385593891143798828e+00
1.338181495666503906e+00
1.537195444107055664e+00
1.508380413055419922e+00
1.600156307220458984e+00
1.474862337112426758e+00
1.589039564132690430e+00
1.412161588668823242e+00
1.478656768798828125e+00
1.490859270095825195e+00
1.487561583518981934e+00
1.333096385002136230e+00
1.428366065025329590e+00
1.421106338500976562e+00
1.424208879470825195e+00
1.434342861175537109e+00
1.363104820251464844e+00
1.432687759399414062e+00
1.364296197891235352e+00
1.559515833854675293e+00
1.453387975692749023e+00
1.535273790359497070e+00
1.459254384040832520e+00
1.452985286712646484e+00
1.445264339447021484e+00
1.418578028678894043e+00
1.332249045372009277e+00
1.451102972030639648e+00
1.734240770339965820e+00
1.545910835266113281e+00
1.399869203567504883e+00
1.399492502212524414e+00
1.466001033782958984e+00
1.406467199325561523e+00
1.509464144706726074e+00
1.476560115814208984e+00
1.392285108566284180e+00
1.432826995849609375e+00
1.640744209289550781e+00
1.421495199203491211e+00
1.498296022415161133e+00
1.361052632331848145e+00
1.351784706115722656e+00
1.390246868133544922e+00
1.544356107711791992e+00
1.468417167663574219e+00
1.494482517242431641e+00
1.619571805000305176e+00
1.311581730842590332e+00
1.578916072845458984e+00
1.475442647933959961e+00
1.534152626991271973e+00
1.435529589653015137e+00
1.515424966812133789e+00
1.490265607833862305e+00
1.574099183082580566e+00
1.424681544303894043e+00
1.341564178466796875e+00
1.601842880249023438e+00
1.311829090118408203e+00
1.386866927146911621e+00
1.378583788871765137e+00
1.634148716926574707e+00
1.579389572143554688e+00
1.368051528930664062e+00
1.450769662857055664e+00
1.376399755477905273e+00
1.472148180007934570e+00
1.450555562973022461e+00
1.592957139015197754e+00
1.658147335052490234e+00
1.500711560249328613e+00
1.511349558830261230e+00
1.618755698204040527e+00
1.310600042343139648e+00
1.325440883636474609e+00
1.366992473602294922e+00
1.502288103103637695e+00
1.466530084609985352e+00
1.430598020553588867e+00
1.349653720855712891e+00
1.388432860374450684e+00
1.604421138763427734e+00
1.583429217338562012e+00
1.430970907211303711e+00
1.477570533752441406e+00
1.522741913795471191e+00
1.389181852340698242e+00
1.421529769897460938e+00
1.541616320610046387e+00
1.417830348014831543e+00
1.611733675003051758e+00
1.479003787040710449e+00
1.430918693542480469e+00
1.376388907432556152e+00
1.349107980728149414e+00
1.461822390556335449e+00
1.445094108581542969e+00
1.389905929565429688e+00
1.531748533248901367e+00
1.462343215942382812e+00
1.389735221862792969e+00
1.343940973281860352e+00
1.582453846931457520e+00
1.500974655151367188e+00
1.252113819122314453e+00
1.489552974700927734e+00
1.443487167358398438e+00
1.350764751434326172e+00
1.578291654586791992e+00
1.394794464111328125e+00
1.447958230972290039e+00
1.511654257774353027e+00
1.471088290214538574e+00
1.467587947845458984e+00
1.346491575241088867e+00
1.496104955673217773e+00
1.494169712066650391e+00
1.732438206672668457e+00
1.504559516906738281e+00
1.630254030227661133e+00
1.485812425613403320e+00
1.487076640129089355e+00
1.450020670890808105e+00
1.391121745109558105e+00
1.387154459953308105e+00
1.479348778724670410e+00
1.517014503479003906e+00
1.359898090362548828e+00
1.381645679473876953e+00
1.446923971176147461e+00
1.419377923011779785e+00
1.607743144035339355e+00
1.474972844123840332e+00
1.390101909637451172e+00
1.465308070182800293e+00
1.456551313400268555e+00
1.526254296302795410e+00
1.341089010238647461e+00
1.578402042388916016e+00
1.268160104751586914e+00
1.424461603164672852e+00
1.308822512626647949e+00
1.301590800285339355e+00
1.474814176559448242e+00
1.698762416839599609e+00
1.364867329597473145e+00
1.398407340049743652e+00
1.502733469009399414e+00
1.491675376892089844e+00
1.520861983299255371e+00
1.380728721618652344e+00
1.639099240303039551e+00
1.327906847000122070e+00
1.464513301849365234e+00
1.442169189453125000e+00
1.522212862968444824e+00
1.520367503166198730e+00
1.535280346870422363e+00
1.554674506187438965e+00
1.449226140975952148e+00
1.439426183700561523e+00
1.535358190536499023e+00
1.472980260848999023e+00
1.570241928100585938e+00
1.392065525054931641e+00
1.611762642860412598e+00
1.479928016662597656e+00
1.409792661666870117e+00
1.447930097579956055e+00
1.434430837631225586e+00
1.504639863967895508e+00
1.453102350234985352e+00
1.424044132232666016e+00
1.408442974090576172e+00
1.385646343231201172e+00
1.652936816215515137e+00
1.478661775588989258e+00
1.420261740684509277e+00
1.454152822494506836e+00
1.559117674827575684e+00
1.414522886276245117e+00
1.454198598861694336e+00
1.407002568244934082e+00
1.410875678062438965e+00
1.429526209831237793e+00
1.542571067810058594e+00
1.575885057449340820e+00
1.535721540451049805e+00
1.446112990379333496e+00
1.730002641677856445e+00
1.555365681648254395e+00
1.393569827079772949e+00
1.422083497047424316e+00
1.413950681686401367e+00
1.496109962463378906e+00
1.485334157943725586e+00
1.508200883865356445e+00
1.407737016677856445e+00
1.547014951705932617e+00
1.445151329040527344e+00
1.500074863433837891e+00
1.429022431373596191e+00
1.423898577690124512e+00
1.450912237167358398e+00
