3.410561680793762207e-01
4.718722403049468994e-01
4.435073435306549072e-01
3.650781512260437012e-01
3.503464460372924805e-01
3.201720416545867920e-01
4.515969157218933105e-01
4.264042377471923828e-01
2.944293618202209473e-01
2.969413101673126221e-01
5.766246318817138672e-01
3.573898673057556152e-01
3.994025290012359619e-01
4.333889484405517578e-01
4.530563354492187500e-01
4.757166504859924316e-01
3.874053359031677246e-01
3.636699318885803223e-01
2.434634119272232056e-01
4.391111135482788086e-01
3.154048919677734375e-01
2.961174249649047852e-01
3.508363366127014160e-01
5.282886028289794922e-01
3.026694357395172119e-01
3.916407227516174316e-01
2.761902213096618652e-01
6.025183200836181641e-01
3.104054927825927734e-01
3.311386704444885254e-01
5.562818050384521484e-01
4.370390176773071289e-01
4.599596858024597168e-01
3.199378252029418945e-01
3.918798267841339111e-01
4.110738337039947510e-01
4.242056608200073242e-01
4.754351973533630371e-01
3.049837946891784668e-01
3.396930396556854248e-01
4.459837079048156738e-01
3.803547620773315430e-01
3.277955651283264160e-01
4.138783812522888184e-01
3.366161584854125977e-01
4.480005502700805664e-01
3.423731327056884766e-01
4.606727063655853271e-01
4.198164343833923340e-01
3.261495232582092285e-01
4.517511725425720215e-01
3.247362077236175537e-01
4.322728812694549561e-01
4.525457024574279785e-01
3.594536483287811279e-01
3.249470591545104980e-01
4.570120573043823242e-01
4.073590040206909180e-01
3.116124868392944336e-01
4.488282203674316406e-01
4.148926138877868652e-01
3.955660760402679443e-01
4.600798487663269043e-01
4.854525625705718994e-01
3.642390668392181396e-01
4.411011934280395508e-01
3.565780520439147949e-01
2.999379634857177734e-01
3.237347602844238281e-01
2.995544373989105225e-01
3.508825302124023438e-01
3.000786900520324707e-01
3.405114710330963135e-01
4.631593823432922363e-01
2.834252119064331055e-01
4.848264455795288086e-01
4.135403037071228027e-01
3.979964256286621094e-01
3.615807294845581055e-01
3.520387113094329834e-01
3.400405049324035645e-01
3.843871653079986572e-01
5.262477397918701172e-01
4.352768063545227051e-01
3.633853793144226074e-01
2.852855324745178223e-01
4.639203250408172607e-01
3.575855195522308350e-01
5.240124464035034180e-01
4.857834875583648682e-01
4.451227486133575439e-01
4.261987805366516113e-01
4.065985083580017090e-01
2.983444333076477051e-01
3.499168753623962402e-01
4.774571359157562256e-01
4.075297117233276367e-01
4.008769989013671875e-01
5.213308334350585938e-01
5.095357894897460938e-01
4.928787946701049805e-01
2.933248579502105713e-01
2.907331883907318115e-01
4.942387342453002930e-01
2.409024387598037720e-01
3.763901591300964355e-01
3.060472607612609863e-01
3.949481248855590820e-01
4.435284733772277832e-01
4.023939669132232666e-01
3.544062972068786621e-01
3.974700570106506348e-01
2.791062295436859131e-01
3.856603503227233887e-01
4.171030223369598389e-01
4.057474732398986816e-01
2.838273644447326660e-01
5.316268801689147949e-01
3.073206543922424316e-01
3.155505657196044922e-01
5.662274360656738281e-01
2.397356629371643066e-01
4.458749294281005859e-01
3.595197796821594238e-01
3.332104086875915527e-01
3.500750660896301270e-01
4.690311551094055176e-01
3.233324885368347168e-01
3.354715704917907715e-01
3.232228159904479980e-01
5.010696649551391602e-01
2.755075097084045410e-01
2.033492624759674072e-01
3.289047181606292725e-01
3.072310090065002441e-01
4.617826938629150391e-01
3.238000273704528809e-01
5.104384422302246094e-01
3.782941102981567383e-01
2.635749578475952148e-01
4.249362945556640625e-01
3.092199265956878662e-01
3.656992614269256592e-01
2.979226112365722656e-01
2.531638145446777344e-01
4.238538742065429688e-01
4.912565350532531738e-01
4.010690450668334961e-01
4.043680727481842041e-01
3.465096950531005859e-01
3.601568341255187988e-01
3.828200399875640869e-01
3.349864482879638672e-01
2.973571419715881348e-01
6.157425045967102051e-01
3.103207051753997803e-01
4.251686632633209229e-01
3.767013549804687500e-01
3.913140594959259033e-01
4.045108854770660400e-01
4.904315173625946045e-01
4.828107357025146484e-01
4.448408186435699463e-01
2.820588648319244385e-01
6.254994869232177734e-01
4.190495014190673828e-01
3.528373539447784424e-01
3.778416514396667480e-01
5.193920135498046875e-01
5.697731375694274902e-01
3.622689843177795410e-01
3.750384151935577393e-01
2.986281216144561768e-01
4.169507920742034912e-01
4.214942455291748047e-01
3.795084357261657715e-01
3.840528726577758789e-01
3.828920722007751465e-01
3.379731178283691406e-01
4.721688628196716309e-01
4.088652133941650391e-01
3.927125036716461182e-01
3.344267010688781738e-01
3.150175809860229492e-01
2.681224644184112549e-01
3.687146306037902832e-01
4.004316329956054688e-01
3.927845358848571777e-01
4.113250076770782471e-01
3.830292224884033203e-01
3.093813061714172363e-01
3.892809748649597168e-01
3.295323252677917480e-01
2.695812880992889404e-01
5.355415344238281250e-01
3.443625867366790771e-01
3.952631652355194092e-01
5.103371143341064453e-01
4.434642791748046875e-01
3.958192467689514160e-01
3.919767737388610840e-01
5.367755889892578125e-01
4.050695300102233887e-01
3.489120006561279297e-01
3.850692510604858398e-01
3.580294251441955566e-01
4.323300123214721680e-01
3.405938446521759033e-01
4.002776145935058594e-01
4.124216139316558838e-01
4.332107901573181152e-01
2.949857711791992188e-01
3.528848886489868164e-01
4.244441390037536621e-01
2.632266879081726074e-01
2.844252884387969971e-01
5.049118995666503906e-01
4.414183497428894043e-01
2.816156744956970215e-01
3.451011180877685547e-01
4.593588411808013916e-01
5.065398216247558594e-01
2.898526489734649658e-01
4.469080865383148193e-01
3.886598050594329834e-01
3.951046168804168701e-01
4.586439728736877441e-01
3.803184032440185547e-01
4.322130382061004639e-01
4.864554405212402344e-01
3.908956050872802734e-01
2.935509681701660156e-01
5.457602143287658691e-01
3.918095231056213379e-01
4.551428854465484619e-01
3.888498544692993164e-01
3.961062431335449219e-01
4.567940235137939453e-01
3.237546086311340332e-01
3.402642011642456055e-01
4.039480090141296387e-01
3.081572651863098145e-01
5.261611342430114746e-01
3.623375892639160156e-01
4.705682396888732910e-01
3.562618494033813477e-01
3.303946852684020996e-01
5.708662867546081543e-01
3.297111690044403076e-01
3.981319069862365723e-01
4.512529373168945312e-01
2.939900457859039307e-01
3.823903799057006836e-01
4.724147915840148926e-01
3.848391473293304443e-01
4.246690869331359863e-01
3.490085601806640625e-01
3.799254894256591797e-01
3.615359663963317871e-01
5.474899411201477051e-01
4.786651134490966797e-01
3.518168330192565918e-01
4.242982268333435059e-01
3.638159334659576416e-01
4.648214578628540039e-01
3.129183053970336914e-01
3.461482524871826172e-01
6.078863143920898438e-01
3.189391493797302246e-01
3.726511001586914062e-01
2.838701605796813965e-01
3.635787367820739746e-01
4.666634798049926758e-01
4.335570335388183594e-01
3.720575869083404541e-01
4.099725782871246338e-01
3.996669650077819824e-01
3.951048552989959717e-01
2.236343622207641602e-01
3.864050507545471191e-01
2.798453569412231445e-01
3.123269081115722656e-01
3.321990966796875000e-01
3.742008805274963379e-01
2.289592623710632324e-01
5.306653380393981934e-01
4.877086281776428223e-01
4.055152237415313721e-01
4.821676611900329590e-01
5.542167425155639648e-01
3.718409836292266846e-01
3.724386096000671387e-01
3.764438033103942871e-01
3.406977355480194092e-01
3.310114145278930664e-01
2.947314381599426270e-01
5.456968545913696289e-01
3.133660554885864258e-01
4.579890370368957520e-01
3.431438803672790527e-01
3.883177340030670166e-01
3.389813601970672607e-01
3.549514412879943848e-01
3.234882354736328125e-01
4.250961542129516602e-01
2.316417694091796875e-01
3.579795360565185547e-01
3.541787266731262207e-01
4.008702635765075684e-01
4.154735207557678223e-01
4.081731140613555908e-01
3.809076249599456787e-01
4.547782540321350098e-01
4.086601138114929199e-01
3.479161262512207031e-01
3.672197461128234863e-01
4.586121439933776855e-01
4.282845556735992432e-01
2.753391861915588379e-01
4.376924932003021240e-01
4.427071809768676758e-01
3.390548825263977051e-01
3.184124529361724854e-01
3.051396906375885010e-01
3.964072763919830322e-01
3.550229370594024658e-01
3.856459856033325195e-01
4.077924787998199463e-01
3.362055420875549316e-01
3.372157514095306396e-01
3.721052408218383789e-01
4.151219427585601807e-01
4.508562684059143066e-01
3.785283565521240234e-01
4.211286306381225586e-01
2.242061644792556763e-01
3.415448069572448730e-01
4.615403413772583008e-01
5.291765928268432617e-01
4.360589087009429932e-01
2.612398266792297363e-01
4.494090080261230469e-01
4.472205936908721924e-01
4.043810665607452393e-01
2.550192177295684814e-01
2.771329879760742188e-01
2.844432890415191650e-01
2.554857730865478516e-01
5.366653203964233398e-01
2.873418927192687988e-01
3.244492709636688232e-01
3.929701447486877441e-01
3.804438114166259766e-01
3.079567551612854004e-01
3.891074359416961670e-01
2.486208826303482056e-01
3.380181491374969482e-01
2.419914603233337402e-01
2.972868680953979492e-01
4.198537468910217285e-01
4.440566599369049072e-01
4.373238682746887207e-01
4.311098456382751465e-01
3.333331644535064697e-01
3.173656463623046875e-01
4.055898785591125488e-01
4.129407107830047607e-01
3.665134906768798828e-01
4.523791074752807617e-01
3.824318051338195801e-01
2.542418837547302246e-01
3.288146257400512695e-01
3.670465350151062012e-01
4.371005892753601074e-01
3.155126869678497314e-01
3.800442218780517578e-01
4.283256232738494873e-01
2.999309301376342773e-01
3.606889843940734863e-01
3.269114494323730469e-01
2.564391493797302246e-01
3.959077000617980957e-01
3.538393974304199219e-01
4.003443717956542969e-01
4.554134011268615723e-01
3.710957169532775879e-01
4.287320971488952637e-01
3.469153940677642822e-01
4.487651884555816650e-01
3.526528477668762207e-01
3.191108703613281250e-01
2.533571720123291016e-01
4.676734805107116699e-01
4.360706806182861328e-01
2.169704586267471313e-01
5.739765167236328125e-01
4.242232739925384521e-01
3.550672531127929688e-01
2.027542889118194580e-01
6.286854743957519531e-01
4.350841045379638672e-01
4.034852981567382812e-01
3.288416862487792969e-01
4.167403280735015869e-01
3.828728795051574707e-01
4.210361242294311523e-01
3.059790432453155518e-01
2.958117127418518066e-01
4.161807298660278320e-01
4.466740489006042480e-01
3.605409860610961914e-01
5.054565072059631348e-01
5.096639394760131836e-01
4.313904643058776855e-01
2.017414718866348267e-01
3.362041711807250977e-01
3.872098624706268311e-01
5.398575067520141602e-01
4.601217508316040039e-01
4.078765511512756348e-01
3.604339659214019775e-01
4.120150506496429443e-01
4.389983415603637695e-01
3.511153459548950195e-01
3.891900777816772461e-01
3.375736176967620850e-01
3.449448943138122559e-01
4.515218138694763184e-01
3.626009225845336914e-01
3.390439748764038086e-01
3.970452547073364258e-01
3.117190003395080566e-01
4.877608716487884521e-01
2.615024745464324951e-01
3.925752043724060059e-01
3.219324648380279541e-01
3.748634457588195801e-01
5.163894891738891602e-01
3.899530470371246338e-01
3.276605010032653809e-01
3.398433327674865723e-01
3.688015341758728027e-01
2.134827673435211182e-01
4.165824651718139648e-01
4.354209899902343750e-01
3.186484575271606445e-01
3.136658370494842529e-01
4.280672073364257812e-01
2.517465353012084961e-01
2.782750725746154785e-01
4.709736406803131104e-01
4.291167259216308594e-01
4.774600267410278320e-01
4.457803368568420410e-01
3.302429318428039551e-01
4.666482508182525635e-01
3.440467715263366699e-01
4.181659817695617676e-01
4.447475969791412354e-01
4.337471425533294678e-01
3.575490117073059082e-01
4.370031356811523438e-01
3.244261741638183594e-01
2.789946794509887695e-01
5.302827358245849609e-01
2.939823269844055176e-01
3.927574753761291504e-01
3.770691156387329102e-01
4.862391948699951172e-01
3.410729467868804932e-01
3.415166139602661133e-01
3.979551196098327637e-01
4.952503740787506104e-01
4.219374656677246094e-01
3.473032116889953613e-01
4.186797738075256348e-01
4.405613541603088379e-01
2.914718091487884521e-01
2.781322598457336426e-01
3.734804987907409668e-01
3.734180331230163574e-01
3.844610750675201416e-01
3.724356293678283691e-01
2.510283589363098145e-01
2.694821059703826904e-01
4.053511023521423340e-01
4.827969670295715332e-01
4.883299469947814941e-01
4.198653995990753174e-01
3.856534957885742188e-01
2.677283883094787598e-01
5.098624229431152344e-01
5.900483131408691406e-01
2.698001861572265625e-01
3.907167911529541016e-01
4.561090469360351562e-01
3.893886208534240723e-01
4.773094058036804199e-01
4.660164713859558105e-01
4.210061132907867432e-01
3.579067587852478027e-01
4.443943202495574951e-01
3.765597641468048096e-01
4.489744305610656738e-01
4.305610358715057373e-01
3.861736059188842773e-01
3.878452181816101074e-01
3.611171841621398926e-01
5.136695504188537598e-01
2.916097640991210938e-01
3.741368353366851807e-01
3.841909170150756836e-01
4.078134298324584961e-01
4.043234884738922119e-01
4.542848467826843262e-01
3.335945308208465576e-01
3.659954965114593506e-01
3.812000751495361328e-01
3.162613511085510254e-01
3.572136163711547852e-01
3.563976585865020752e-01
4.864534139633178711e-01
3.334664404392242432e-01
4.567450881004333496e-01
4.607592821121215820e-01
3.712909817695617676e-01
3.219221234321594238e-01
4.186241626739501953e-01
3.933054208755493164e-01
3.829594254493713379e-01
3.962889015674591064e-01
3.176231384277343750e-01
3.732001483440399170e-01
2.843278348445892334e-01
3.240085840225219727e-01
3.023476302623748779e-01
3.510317802429199219e-01
3.880810737609863281e-01
3.799482583999633789e-01
3.814012408256530762e-01
4.826081991195678711e-01
3.144930005073547363e-01
5.183382630348205566e-01
2.967531979084014893e-01
3.698682487010955811e-01
3.446432352066040039e-01
2.608696222305297852e-01
3.994027376174926758e-01
3.994394242763519287e-01
4.733569622039794922e-01
3.427098095417022705e-01
3.809193968772888184e-01
2.961629033088684082e-01
4.584096670150756836e-01
3.327278494834899902e-01
4.913521111011505127e-01
4.222534298896789551e-01
4.684129357337951660e-01
4.014770686626434326e-01
3.077747225761413574e-01
4.351367652416229248e-01
3.731036782264709473e-01
2.360497266054153442e-01
4.071632623672485352e-01
3.304548263549804688e-01
5.432955026626586914e-01
4.584670066833496094e-01
3.296500444412231445e-01
3.194153010845184326e-01
4.327680766582489014e-01
3.739073872566223145e-01
3.250178098678588867e-01
3.487211465835571289e-01
3.450900018215179443e-01
2.576976120471954346e-01
2.994054555892944336e-01
3.466076254844665527e-01
3.284600973129272461e-01
5.160760283470153809e-01
4.860263466835021973e-01
5.768721103668212891e-01
3.802752494812011719e-01
3.740506470203399658e-01
4.544813036918640137e-01
4.507973194122314453e-01
4.093232750892639160e-01
3.154039978981018066e-01
2.654280364513397217e-01
3.194386363029479980e-01
4.603236317634582520e-01
3.272235691547393799e-01
4.847182631492614746e-01
3.300616741180419922e-01
4.267558455467224121e-01
3.595441579818725586e-01
4.032329916954040527e-01
3.067406117916107178e-01
3.416829109191894531e-01
4.961966276168823242e-01
4.881016612052917480e-01
6.295577883720397949e-01
4.596003293991088867e-01
5.307871103286743164e-01
3.813094198703765869e-01
3.772778809070587158e-01
4.126581549644470215e-01
3.120373487472534180e-01
3.330255746841430664e-01
5.160808563232421875e-01
3.816815018653869629e-01
4.087197184562683105e-01
4.018212854862213135e-01
2.997987270355224609e-01
5.087525844573974609e-01
4.191249907016754150e-01
5.358147621154785156e-01
3.169537484645843506e-01
3.762669563293457031e-01
4.340313673019409180e-01
3.022485375404357910e-01
4.055347442626953125e-01
3.438495993614196777e-01
5.682294368743896484e-01
3.645272850990295410e-01
4.262775778770446777e-01
3.897729516029357910e-01
3.390414714813232422e-01
3.005895018577575684e-01
2.760042548179626465e-01
2.140094637870788574e-01
4.847829043865203857e-01
3.054459691047668457e-01
2.415571808815002441e-01
4.072671532630920410e-01
2.847791314125061035e-01
3.653585314750671387e-01
4.069463014602661133e-01
3.568002581596374512e-01
2.504476904869079590e-01
6.064800620079040527e-01
3.814447522163391113e-01
3.240363597869873047e-01
2.556558251380920410e-01
3.262994885444641113e-01
4.470677971839904785e-01
4.396860599517822266e-01
4.864819645881652832e-01
4.030017256736755371e-01
3.795887827873229980e-01
3.278518319129943848e-01
4.380465745925903320e-01
3.391991257667541504e-01
3.159534335136413574e-01
3.021632730960845947e-01
4.587574899196624756e-01
4.857685863971710205e-01
2.299923747777938843e-01
4.385987818241119385e-01
3.197492063045501709e-01
3.520668745040893555e-01
3.838068544864654541e-01
2.659096717834472656e-01
4.408982992172241211e-01
4.218302369117736816e-01
3.387120068073272705e-01
3.669188618659973145e-01
4.791267216205596924e-01
4.491512179374694824e-01
3.686280846595764160e-01
2.754363715648651123e-01
4.663669764995574951e-01
6.080502271652221680e-01
4.001108109951019287e-01
3.909825682640075684e-01
3.153256773948669434e-01
4.703350663185119629e-01
3.026373386383056641e-01
3.901696801185607910e-01
3.892455101013183594e-01
2.913723289966583252e-01
3.171151280403137207e-01
3.204128444194793701e-01
2.500523626804351807e-01
3.151885867118835449e-01
4.401114583015441895e-01
2.931093275547027588e-01
3.925313055515289307e-01
4.184210002422332764e-01
5.303924679756164551e-01
3.609338998794555664e-01
3.860518336296081543e-01
3.698688745498657227e-01
4.028834402561187744e-01
6.874973773956298828e-01
3.831238150596618652e-01
4.648594856262207031e-01
4.355424046516418457e-01
3.443372845649719238e-01
3.767981827259063721e-01
2.864932715892791748e-01
4.461172819137573242e-01
3.811517953872680664e-01
3.331233859062194824e-01
5.261179804801940918e-01
3.956632614135742188e-01
3.660902380943298340e-01
3.205629587173461914e-01
3.463605642318725586e-01
3.876090645790100098e-01
4.793811440467834473e-01
3.414617180824279785e-01
2.899268567562103271e-01
2.815320193767547607e-01
3.677834868431091309e-01
2.903444170951843262e-01
2.510297298431396484e-01
3.945343494415283203e-01
3.050412237644195557e-01
3.278892636299133301e-01
3.878616094589233398e-01
5.233985185623168945e-01
3.983263671398162842e-01
2.615775763988494873e-01
4.967996478080749512e-01
4.125389456748962402e-01
4.430404603481292725e-01
4.967232942581176758e-01
3.807099461555480957e-01
3.556152582168579102e-01
3.671714067459106445e-01
2.999115884304046631e-01
5.378367900848388672e-01
3.574492931365966797e-01
3.666191101074218750e-01
3.234093487262725830e-01
4.147930741310119629e-01
3.698496818542480469e-01
4.316070079803466797e-01
4.375604093074798584e-01
3.262951374053955078e-01
4.459595084190368652e-01
3.760759234428405762e-01
3.998737335205078125e-01
3.884994983673095703e-01
4.471129775047302246e-01
4.969001412391662598e-01
4.203467965126037598e-01
3.934658169746398926e-01
3.333111405372619629e-01
3.767181038856506348e-01
3.568121194839477539e-01
3.470110297203063965e-01
3.983144760131835938e-01
4.328369498252868652e-01
3.244550228118896484e-01
3.179917335510253906e-01
4.393082559108734131e-01
3.515559434890747070e-01
3.319119811058044434e-01
2.175877541303634644e-01
2.319688796997070312e-01
5.111288428306579590e-01
4.250834584236145020e-01
5.483467578887939453e-01
3.409578204154968262e-01
4.618062973022460938e-01
2.800805270671844482e-01
4.283618330955505371e-01
4.732670485973358154e-01
3.848245143890380859e-01
3.247494697570800781e-01
3.743492960929870605e-01
3.133820295333862305e-01
4.989066123962402344e-01
3.580383956432342529e-01
3.133722245693206787e-01
4.741500020027160645e-01
3.859462141990661621e-01
4.568706750869750977e-01
4.175710976123809814e-01
4.018744230270385742e-01
4.310385286808013916e-01
3.568657636642456055e-01
4.615944325923919678e-01
4.027206897735595703e-01
3.578554987907409668e-01
3.702834844589233398e-01
2.869256734848022461e-01
2.640290856361389160e-01
3.827736079692840576e-01
3.152303397655487061e-01
2.910712659358978271e-01
2.775787711143493652e-01
3.124783635139465332e-01
4.196762740612030029e-01
2.746548950672149658e-01
5.710489749908447266e-01
3.763562440872192383e-01
2.459576129913330078e-01
2.388573288917541504e-01
3.243600726127624512e-01
3.975958824157714844e-01
2.835826277732849121e-01
3.477836847305297852e-01
3.706202507019042969e-01
4.531571567058563232e-01
5.500354170799255371e-01
3.211957216262817383e-01
3.182568252086639404e-01
4.129184484481811523e-01
2.742098271846771240e-01
3.464357852935791016e-01
3.180204033851623535e-01
3.237435221672058105e-01
4.743270576000213623e-01
4.197275042533874512e-01
3.969427347183227539e-01
3.916988670825958252e-01
4.407233297824859619e-01
3.748167157173156738e-01
3.072081804275512695e-01
3.645617067813873291e-01
4.865515828132629395e-01
5.042732954025268555e-01
3.213487267494201660e-01
3.354662656784057617e-01
2.932578921318054199e-01
3.239259123802185059e-01
2.455225139856338501e-01
4.470754861831665039e-01
3.698863685131072998e-01
4.179920256137847900e-01
2.868167161941528320e-01
4.073051214218139648e-01
3.719353973865509033e-01
2.532063722610473633e-01
2.709726393222808838e-01
4.750408530235290527e-01
2.908593714237213135e-01
4.825550913810729980e-01
2.761415839195251465e-01
4.563474357128143311e-01
2.690407633781433105e-01
4.602618217468261719e-01
3.552445173263549805e-01
3.131969869136810303e-01
3.657226264476776123e-01
3.239096105098724365e-01
3.121151924133300781e-01
2.416261732578277588e-01
4.263427257537841797e-01
5.319906473159790039e-01
3.480073213577270508e-01
3.194132447242736816e-01
4.363051652908325195e-01
4.797613620758056641e-01
3.662057220935821533e-01
4.477658271789550781e-01
3.913832306861877441e-01
4.076047539710998535e-01
3.358407318592071533e-01
3.531842827796936035e-01
3.434507250785827637e-01
4.371176064014434814e-01
2.426855266094207764e-01
5.504592657089233398e-01
2.810690402984619141e-01
4.136146605014801025e-01
4.646179080009460449e-01
2.643906474113464355e-01
2.781950235366821289e-01
4.219712913036346436e-01
4.292696714401245117e-01
3.363896608352661133e-01
4.226712584495544434e-01
5.087666511535644531e-01
4.350348711013793945e-01
3.353772461414337158e-01
3.399791717529296875e-01
3.747861087322235107e-01
4.482529759407043457e-01
3.243321776390075684e-01
2.854928374290466309e-01
2.583820223808288574e-01
3.367992043495178223e-01
3.311024308204650879e-01
3.912497162818908691e-01
3.218490481376647949e-01
2.454140931367874146e-01
4.677819311618804932e-01
3.481279611587524414e-01
2.897832989692687988e-01
3.704552054405212402e-01
5.077826976776123047e-01
3.453657925128936768e-01
3.227104544639587402e-01
4.656417369842529297e-01
5.469711422920227051e-01
4.731914401054382324e-01
3.276072144508361816e-01
4.778195023536682129e-01
3.890386819839477539e-01
4.609332680702209473e-01
3.660393357276916504e-01
4.604145586490631104e-01
4.141440987586975098e-01
3.442518115043640137e-01
3.643125891685485840e-01
3.170488476753234863e-01
3.817781209945678711e-01
3.688927292823791504e-01
3.530327677726745605e-01
4.180729985237121582e-01
3.691507577896118164e-01
2.958492636680603027e-01
3.790633380413055420e-01
3.532138466835021973e-01
4.729390144348144531e-01
3.712782859802246094e-01
3.858931958675384521e-01
3.264868855476379395e-01
2.734463810920715332e-01
3.191239237785339355e-01
3.106439709663391113e-01
5.924235582351684570e-01
3.827552795410156250e-01
4.094531536102294922e-01
3.651720881462097168e-01
5.927385091781616211e-01
2.946835756301879883e-01
3.982418179512023926e-01
3.959314227104187012e-01
3.301063776016235352e-01
3.638559877872467041e-01
3.462251722812652588e-01
4.076931476593017578e-01
3.267530798912048340e-01
4.036009907722473145e-01
4.321877360343933105e-01
4.351059198379516602e-01
4.230183064937591553e-01
5.577501058578491211e-01
3.802692890167236328e-01
3.994656801223754883e-01
2.622599005699157715e-01
4.474794566631317139e-01
2.924032807350158691e-01
4.496370255947113037e-01
2.915825843811035156e-01
2.309282869100570679e-01
3.356929421424865723e-01
3.411082625389099121e-01
4.443793594837188721e-01
3.696396350860595703e-01
4.693418145179748535e-01
4.449658393859863281e-01
2.324694991111755371e-01
4.294349849224090576e-01
2.705293297767639160e-01
2.988696992397308350e-01
4.131078720092773438e-01
4.604136645793914795e-01
3.343660235404968262e-01
4.231961667537689209e-01
4.635730385780334473e-01
4.921091794967651367e-01
3.887776732444763184e-01
4.090762436389923096e-01
4.504787921905517578e-01
3.660589158535003662e-01
4.130399823188781738e-01
3.710007965564727783e-01
3.103411197662353516e-01
3.408770561218261719e-01
4.134782850742340088e-01
5.213883519172668457e-01
4.016049504280090332e-01
4.397974312305450439e-01
3.640118837356567383e-01
3.195421397686004639e-01
5.698989629745483398e-01
2.545681595802307129e-01
2.914733886718750000e-01
2.613198161125183105e-01
2.470826059579849243e-01
4.413620233535766602e-01
2.703731656074523926e-01
3.254103064537048340e-01
3.628303408622741699e-01
4.082216620445251465e-01
3.515128195285797119e-01
3.621281981468200684e-01
3.112412691116333008e-01
3.479161858558654785e-01
3.141941726207733154e-01
3.100655972957611084e-01
3.187301754951477051e-01
3.159183263778686523e-01
2.222965359687805176e-01
4.459929168224334717e-01
4.502968490123748779e-01
3.167032301425933838e-01
4.643587768077850342e-01
4.911099672317504883e-01
2.839267849922180176e-01
2.623879313468933105e-01
5.720936059951782227e-01
5.314931273460388184e-01
3.972136080265045166e-01
4.217323958873748779e-01
3.908363580703735352e-01
3.939164280891418457e-01
2.739975750446319580e-01
3.747645020484924316e-01
3.733656704425811768e-01
3.252093195915222168e-01
3.266138732433319092e-01
3.314115107059478760e-01
3.336998224258422852e-01
3.241351544857025146e-01
4.999312758445739746e-01
2.697207331657409668e-01
3.424959182739257812e-01
4.112488925457000732e-01
3.292655050754547119e-01
3.627200126647949219e-01
2.220273911952972412e-01
4.959645271301269531e-01
4.582022726535797119e-01
4.450463950634002686e-01
3.599414229393005371e-01
4.889427721500396729e-01
2.939049005508422852e-01
3.684622049331665039e-01
3.934843540191650391e-01
3.255363404750823975e-01
3.471020758152008057e-01
4.518306255340576172e-01
2.574058175086975098e-01
4.430240988731384277e-01
2.706252038478851318e-01
4.223600625991821289e-01
3.447075188159942627e-01
3.791950941085815430e-01
3.428157567977905273e-01
4.386675357818603516e-01
3.200137615203857422e-01
3.872207403182983398e-01
4.250057637691497803e-01
3.890656828880310059e-01
4.659702479839324951e-01
3.677027225494384766e-01
2.457263171672821045e-01
3.729853928089141846e-01
2.538664042949676514e-01
3.927398324012756348e-01
2.978013157844543457e-01
4.160675406455993652e-01
3.679581582546234131e-01
4.208995103836059570e-01
4.792366921901702881e-01
3.422296047210693359e-01
3.225259184837341309e-01
1.792366057634353638e-01
2.606395781040191650e-01
3.147035241127014160e-01
3.197156190872192383e-01
4.088997244834899902e-01
3.446982502937316895e-01
4.167602956295013428e-01
3.959810137748718262e-01
3.702135384082794189e-01
5.639541149139404297e-01
3.870575428009033203e-01
3.360776603221893311e-01
3.498897552490234375e-01
4.267882704734802246e-01
3.289224505424499512e-01
4.057596325874328613e-01
4.192461371421813965e-01
4.073556065559387207e-01
4.472377896308898926e-01
3.374785780906677246e-01
4.010781049728393555e-01
3.954453170299530029e-01
2.683725357055664062e-01
4.580697715282440186e-01
3.114714324474334717e-01
4.561969637870788574e-01
3.944452404975891113e-01
3.172128796577453613e-01
2.478057146072387695e-01
2.879605889320373535e-01
4.313464462757110596e-01
3.111005425453186035e-01
4.720935225486755371e-01
3.937016725540161133e-01
4.252652823925018311e-01
4.535654187202453613e-01
2.931531667709350586e-01
3.699104189872741699e-01
3.594665527343750000e-01
3.983558416366577148e-01
3.499991893768310547e-01
4.951331317424774170e-01
5.505090951919555664e-01
3.726913928985595703e-01
4.294739961624145508e-01
3.724678158760070801e-01
4.068075418472290039e-01
4.092951416969299316e-01
3.062994778156280518e-01
4.742786288261413574e-01
4.054662287235260010e-01
3.620579540729522705e-01
3.971659243106842041e-01
2.760140895843505859e-01
2.742655575275421143e-01
3.216904699802398682e-01
3.738089799880981445e-01
4.204827845096588135e-01
2.419789731502532959e-01
4.496754109859466553e-01
5.088036060333251953e-01
5.221191644668579102e-01
3.464588522911071777e-01
6.194915771484375000e-01
3.272839188575744629e-01
3.589435219764709473e-01
2.980424463748931885e-01
3.565565645694732666e-01
3.694685697555541992e-01
3.415611088275909424e-01
3.542140722274780273e-01
3.426753580570220947e-01
3.833515644073486328e-01
3.684314489364624023e-01
4.179012775421142578e-01
3.252601921558380127e-01
3.186392188072204590e-01
3.783323168754577637e-01
4.510049223899841309e-01
1.573872566223144531e-01
3.583726882934570312e-01
3.777253627777099609e-01
2.274253070354461670e-01
4.395933151245117188e-01
3.368628621101379395e-01
3.997650742530822754e-01
4.321529269218444824e-01
4.573633968830108643e-01
4.122099280357360840e-01
3.561156392097473145e-01
4.221535921096801758e-01
2.051433920860290527e-01
4.217190146446228027e-01
3.466742932796478271e-01
2.750748991966247559e-01
3.233637511730194092e-01
4.518380761146545410e-01
3.988679647445678711e-01
3.892115950584411621e-01
3.783832788467407227e-01
3.827236592769622803e-01
5.314586758613586426e-01
3.024558424949645996e-01
3.821745216846466064e-01
4.693833291530609131e-01
3.576906323432922363e-01
3.430392146110534668e-01
3.684782981872558594e-01
4.281123876571655273e-01
3.727725446224212646e-01
4.958066344261169434e-01
4.914543330669403076e-01
5.951360464096069336e-01
2.531948387622833252e-01
3.314884901046752930e-01
2.761274874210357666e-01
2.499316930770874023e-01
6.164660453796386719e-01
5.057137608528137207e-01
4.728633761405944824e-01
4.322668313980102539e-01
3.916394412517547607e-01
4.371685683727264404e-01
3.471720516681671143e-01
2.881708741188049316e-01
4.450077712535858154e-01
3.718538880348205566e-01
4.614170193672180176e-01
4.163986146450042725e-01
3.657361865043640137e-01
3.086444735527038574e-01
2.295506000518798828e-01
5.262933373451232910e-01
4.168512225151062012e-01
5.091482400894165039e-01
2.108801305294036865e-01
5.106177926063537598e-01
4.108670353889465332e-01
3.957352638244628906e-01
3.506707549095153809e-01
4.148072004318237305e-01
2.321943342685699463e-01
2.342551052570343018e-01
2.916602194309234619e-01
2.170670777559280396e-01
5.736213922500610352e-01
3.794623613357543945e-01
2.982940673828125000e-01
3.220756947994232178e-01
3.536531329154968262e-01
3.036692738533020020e-01
5.933715105056762695e-01
3.347557783126831055e-01
4.144027233123779297e-01
2.587870955467224121e-01
3.593749403953552246e-01
3.865142762660980225e-01
4.278856515884399414e-01
5.366810560226440430e-01
3.039574027061462402e-01
2.683944404125213623e-01
2.849401235580444336e-01
3.465166389942169189e-01
2.976119518280029297e-01
2.912794351577758789e-01
3.814918994903564453e-01
3.661805391311645508e-01
3.790366649627685547e-01
4.783298373222351074e-01
4.633734822273254395e-01
4.139708280563354492e-01
2.969271838665008545e-01
3.465981185436248779e-01
3.035497069358825684e-01
3.346522748470306396e-01
4.638942778110504150e-01
3.720333576202392578e-01
3.962610363960266113e-01
3.120349645614624023e-01
4.470550417900085449e-01
2.970506846904754639e-01
3.908169269561767578e-01
4.206597208976745605e-01
3.257100582122802734e-01
2.070816755294799805e-01
3.490816950798034668e-01
3.293979167938232422e-01
2.037703394889831543e-01
3.569608926773071289e-01
4.067312479019165039e-01
4.618654847145080566e-01
5.846520662307739258e-01
2.723533213138580322e-01
3.245151638984680176e-01
3.425006866455078125e-01
4.196751713752746582e-01
4.079283475875854492e-01
3.648007810115814209e-01
3.556455671787261963e-01
5.376535058021545410e-01
2.560123205184936523e-01
3.173536956310272217e-01
3.639621138572692871e-01
4.665603339672088623e-01
3.650825023651123047e-01
3.718293905258178711e-01
4.029384255409240723e-01
5.134717226028442383e-01
3.639405071735382080e-01
3.536396026611328125e-01
4.540713429450988770e-01
3.404578566551208496e-01
2.983247339725494385e-01
4.091373682022094727e-01
4.583623111248016357e-01
3.318016529083251953e-01
4.338997006416320801e-01
2.342404127120971680e-01
3.095321357250213623e-01
3.287290930747985840e-01
4.592291116714477539e-01
3.180408775806427002e-01
3.975761532783508301e-01
3.199431300163269043e-01
4.603262841701507568e-01
3.469431400299072266e-01
3.140707314014434814e-01
3.178219199180603027e-01
3.812614381313323975e-01
3.419004082679748535e-01
2.677281200885772705e-01
3.010640740394592285e-01
3.412426114082336426e-01
2.723957002162933350e-01
4.328876137733459473e-01
3.161793649196624756e-01
4.150373041629791260e-01
3.264548182487487793e-01
2.101613730192184448e-01
4.046769738197326660e-01
2.916567325592041016e-01
3.329404294490814209e-01
3.201762437820434570e-01
4.418718218803405762e-01
3.655545115470886230e-01
3.882263898849487305e-01
5.557511448860168457e-01
3.452678620815277100e-01
3.256126642227172852e-01
3.098391890525817871e-01
3.900943696498870850e-01
3.131385147571563721e-01
3.082518279552459717e-01
3.680445551872253418e-01
2.778173089027404785e-01
3.645173311233520508e-01
4.815273284912109375e-01
3.725187778472900391e-01
3.899998664855957031e-01
3.990308046340942383e-01
3.536920249462127686e-01
3.475031554698944092e-01
3.952604532241821289e-01
3.156950473785400391e-01
4.586570858955383301e-01
3.694594502449035645e-01
5.326921343803405762e-01
3.942708969116210938e-01
4.147782921791076660e-01
3.961221873760223389e-01
2.778391242027282715e-01
4.710035622119903564e-01
3.236750960350036621e-01
4.735779762268066406e-01
3.598138093948364258e-01
4.528810977935791016e-01
4.624646902084350586e-01
3.733559250831604004e-01
2.957231402397155762e-01
4.118493199348449707e-01
2.028144896030426025e-01
3.770648837089538574e-01
2.947028279304504395e-01
3.267258405685424805e-01
2.695808410644531250e-01
3.814122378826141357e-01
3.144125342369079590e-01
2.612482905387878418e-01
1.793723702430725098e-01
3.853825926780700684e-01
4.863741695880889893e-01
3.379433453083038330e-01
4.790958762168884277e-01
3.212715685367584229e-01
4.980700612068176270e-01
3.294259309768676758e-01
2.558771371841430664e-01
3.735886216163635254e-01
2.623859345912933350e-01
3.807844817638397217e-01
4.878091216087341309e-01
4.123843610286712646e-01
2.792698144912719727e-01
3.408272266387939453e-01
3.563186526298522949e-01
3.832597732543945312e-01
3.958997130393981934e-01
3.681767880916595459e-01
4.099942445755004883e-01
3.485628366470336914e-01
3.057332634925842285e-01
4.321563839912414551e-01
3.121319413185119629e-01
4.042521715164184570e-01
3.790367841720581055e-01
4.203185439109802246e-01
2.722299098968505859e-01
3.954990804195404053e-01
4.734013974666595459e-01
2.888686954975128174e-01
3.742247819900512695e-01
3.158491253852844238e-01
3.616614043712615967e-01
5.234864950180053711e-01
4.438092112541198730e-01
3.670476973056793213e-01
4.330861568450927734e-01
4.383541941642761230e-01
3.668760657310485840e-01
2.849334478378295898e-01
3.332491219043731689e-01
3.627345561981201172e-01
2.589602470397949219e-01
3.549310564994812012e-01
5.188536047935485840e-01
5.270736217498779297e-01
2.499777227640151978e-01
3.550264537334442139e-01
3.190824389457702637e-01
2.765310406684875488e-01
3.456944227218627930e-01
3.352265357971191406e-01
4.800179600715637207e-01
2.528787255287170410e-01
2.851761281490325928e-01
3.632289171218872070e-01
3.398349285125732422e-01
3.821250200271606445e-01
4.632663130760192871e-01
3.645231723785400391e-01
3.381185233592987061e-01
4.215832650661468506e-01
5.334174036979675293e-01
3.677732944488525391e-01
4.796906411647796631e-01
3.483857214450836182e-01
3.317335247993469238e-01
2.633603215217590332e-01
3.232057094573974609e-01
3.526353836059570312e-01
4.949780702590942383e-01
3.335085511207580566e-01
5.413312911987304688e-01
3.044584095478057861e-01
4.508795142173767090e-01
2.892362177371978760e-01
3.446357250213623047e-01
3.536921739578247070e-01
2.284074425697326660e-01
5.372764468193054199e-01
4.159145355224609375e-01
5.516862869262695312e-01
3.058612644672393799e-01
3.448136746883392334e-01
3.895806968212127686e-01
3.491215705871582031e-01
2.497308254241943359e-01
4.320278763771057129e-01
3.525103330612182617e-01
4.343917965888977051e-01
3.513393402099609375e-01
2.143984138965606689e-01
3.286104202270507812e-01
3.843370079994201660e-01
2.931186854839324951e-01
3.259739875793457031e-01
3.687619566917419434e-01
3.638365268707275391e-01
3.355761468410491943e-01
4.243545830249786377e-01
5.378975868225097656e-01
3.010838031768798828e-01
3.582714796066284180e-01
4.252912998199462891e-01
4.772373437881469727e-01
3.288560509681701660e-01
4.045810103416442871e-01
3.489063680171966553e-01
3.455366492271423340e-01
3.900869190692901611e-01
3.757914602756500244e-01
3.532522916793823242e-01
2.603970468044281006e-01
2.768051326274871826e-01
4.806702136993408203e-01
3.993692398071289062e-01
3.145517110824584961e-01
3.418294787406921387e-01
3.318030238151550293e-01
2.732220888137817383e-01
3.291124701499938965e-01
5.464480519294738770e-01
2.805324196815490723e-01
4.091901779174804688e-01
3.040756583213806152e-01
3.806471228599548340e-01
2.576333880424499512e-01
3.246550261974334717e-01
3.049139976501464844e-01
4.136462211608886719e-01
4.063009321689605713e-01
4.314813017845153809e-01
3.605544567108154297e-01
2.619139850139617920e-01
3.480873107910156250e-01
3.748553395271301270e-01
4.985666871070861816e-01
3.572127521038055420e-01
5.321736335754394531e-01
3.875299692153930664e-01
4.293058216571807861e-01
3.334896564483642578e-01
2.579870820045471191e-01
4.367311894893646240e-01
3.868485689163208008e-01
5.066721439361572266e-01
4.724320769309997559e-01
5.358666181564331055e-01
3.536279797554016113e-01
3.765064179897308350e-01
3.603775501251220703e-01
4.257491827011108398e-01
3.860397934913635254e-01
4.138833880424499512e-01
4.213710725307464600e-01
3.619402050971984863e-01
3.112401068210601807e-01
3.687486946582794189e-01
4.022353291511535645e-01
4.443076848983764648e-01
4.093460142612457275e-01
3.368538022041320801e-01
4.137944579124450684e-01
4.985884130001068115e-01
3.149986267089843750e-01
3.059425354003906250e-01
2.048739194869995117e-01
3.718493282794952393e-01
3.284760117530822754e-01
4.199055433273315430e-01
4.174144566059112549e-01
4.879309833049774170e-01
3.584337830543518066e-01
3.657276332378387451e-01
2.841343283653259277e-01
2.752330899238586426e-01
3.624712824821472168e-01
3.593686521053314209e-01
5.529356002807617188e-01
3.583722412586212158e-01
3.773662447929382324e-01
2.328734397888183594e-01
3.831672072410583496e-01
3.506649732589721680e-01
2.866017520427703857e-01
1.701618582010269165e-01
3.492489159107208252e-01
2.081938832998275757e-01
2.128242850303649902e-01
1.625018715858459473e-01
3.227873444557189941e-01
3.002701997756958008e-01
2.952893972396850586e-01
3.975190520286560059e-01
3.426562547683715820e-01
4.884757995605468750e-01
2.929655611515045166e-01
3.110494613647460938e-01
3.964346647262573242e-01
3.099645972251892090e-01
3.341901004314422607e-01
3.339072763919830322e-01
5.444152355194091797e-01
2.989947497844696045e-01
2.807456254959106445e-01
3.991638720035552979e-01
2.179289758205413818e-01
3.327701985836029053e-01
4.881122112274169922e-01
4.054996967315673828e-01
3.299126029014587402e-01
3.059212863445281982e-01
4.065185487270355225e-01
3.268575668334960938e-01
4.204086363315582275e-01
2.591935992240905762e-01
3.674179613590240479e-01
3.216887116432189941e-01
3.528919816017150879e-01
2.422644644975662231e-01
2.015750855207443237e-01
5.162136554718017578e-01
2.630666494369506836e-01
4.684715270996093750e-01
4.007673561573028564e-01
4.613790512084960938e-01
3.981791734695434570e-01
5.560781955718994141e-01
2.951994538307189941e-01
2.378381043672561646e-01
4.041629433631896973e-01
4.158627390861511230e-01
3.962570130825042725e-01
2.818346023559570312e-01
2.952752709388732910e-01
4.255999326705932617e-01
4.385257363319396973e-01
3.235046565532684326e-01
2.989251017570495605e-01
2.531406879425048828e-01
3.174837231636047363e-01
3.832003474235534668e-01
3.761713802814483643e-01
3.474670648574829102e-01
3.417372107505798340e-01
2.883864939212799072e-01
4.448138475418090820e-01
2.656602263450622559e-01
3.518143296241760254e-01
3.929581642150878906e-01
3.007556796073913574e-01
2.591421008110046387e-01
4.287636280059814453e-01
2.710887491703033447e-01
3.872670531272888184e-01
4.106085896492004395e-01
3.559371232986450195e-01
3.651856482028961182e-01
3.892191946506500244e-01
2.796461284160614014e-01
3.446964025497436523e-01
2.873298525810241699e-01
3.472357988357543945e-01
4.358862340450286865e-01
4.145571291446685791e-01
2.147409468889236450e-01
2.613672912120819092e-01
2.789174318313598633e-01
4.616549015045166016e-01
2.475533187389373779e-01
3.422808051109313965e-01
2.033806294202804565e-01
4.160883128643035889e-01
2.716035842895507812e-01
4.871841967105865479e-01
3.174214959144592285e-01
3.007915318012237549e-01
3.779004812240600586e-01
2.906222045421600342e-01
3.438102006912231445e-01
4.356799721717834473e-01
3.979856669902801514e-01
3.424073755741119385e-01
2.610396146774291992e-01
3.656669557094573975e-01
3.994656205177307129e-01
5.181997418403625488e-01
3.986482024192810059e-01
2.010092288255691528e-01
3.904787302017211914e-01
4.000306725502014160e-01
2.823001146316528320e-01
4.973016083240509033e-01
4.553852975368499756e-01
3.691765964031219482e-01
2.919713258743286133e-01
4.044904410839080811e-01
2.788947224617004395e-01
3.255024552345275879e-01
4.431638121604919434e-01
3.559350073337554932e-01
2.429467588663101196e-01
3.476301431655883789e-01
3.496448397636413574e-01
4.952287077903747559e-01
3.788139224052429199e-01
3.950112462043762207e-01
3.936617672443389893e-01
3.815094828605651855e-01
3.342490792274475098e-01
3.419632613658905029e-01
2.370018064975738525e-01
2.672947049140930176e-01
4.866941571235656738e-01
2.347285151481628418e-01
3.939992487430572510e-01
2.481549382209777832e-01
3.517237901687622070e-01
3.028682768344879150e-01
3.465069830417633057e-01
3.029658794403076172e-01
3.974797725677490234e-01
4.024029970169067383e-01
5.499415397644042969e-01
4.120324552059173584e-01
3.412559032440185547e-01
3.330327570438385010e-01
3.946105241775512695e-01
3.357778787612915039e-01
4.069271385669708252e-01
2.773494720458984375e-01
3.329991996288299561e-01
4.343547821044921875e-01
3.862999379634857178e-01
3.402887582778930664e-01
3.297186493873596191e-01
3.053641915321350098e-01
3.208054602146148682e-01
3.233406543731689453e-01
3.454557061195373535e-01
3.316092193126678467e-01
2.676358222961425781e-01
2.554098963737487793e-01
2.578381299972534180e-01
3.335387110710144043e-01
1.770736873149871826e-01
4.299362599849700928e-01
2.975240349769592285e-01
4.072825908660888672e-01
2.434510588645935059e-01
4.088361561298370361e-01
2.942856848239898682e-01
5.509104728698730469e-01
2.620536684989929199e-01
2.957765460014343262e-01
3.031419217586517334e-01
4.059885740280151367e-01
2.480830252170562744e-01
2.246069610118865967e-01
5.364465713500976562e-01
2.078505605459213257e-01
2.826732993125915527e-01
3.393715023994445801e-01
4.089077711105346680e-01
3.725381791591644287e-01
2.653948068618774414e-01
3.966642618179321289e-01
4.855950474739074707e-01
3.213542699813842773e-01
4.990483522415161133e-01
3.987789452075958252e-01
3.204865455627441406e-01
5.067203640937805176e-01
3.491298556327819824e-01
3.239709734916687012e-01
3.329842686653137207e-01
3.372941613197326660e-01
2.516431212425231934e-01
3.261370956897735596e-01
4.286838769912719727e-01
2.948853373527526855e-01
3.102760910987854004e-01
2.653672099113464355e-01
3.627043366432189941e-01
4.820636808872222900e-01
4.361200034618377686e-01
2.661699056625366211e-01
2.426376044750213623e-01
2.809585928916931152e-01
2.305457890033721924e-01
3.233342766761779785e-01
2.979741692543029785e-01
3.738574087619781494e-01
3.927307128906250000e-01
3.607637286186218262e-01
3.727107048034667969e-01
3.101121783256530762e-01
2.216103523969650269e-01
2.922430932521820068e-01
4.496622085571289062e-01
2.090269327163696289e-01
4.006553888320922852e-01
3.167512118816375732e-01
3.453690409660339355e-01
3.226327896118164062e-01
3.322676420211791992e-01
5.653239488601684570e-01
3.450767993927001953e-01
2.115322202444076538e-01
4.343947768211364746e-01
3.468319177627563477e-01
3.302316069602966309e-01
1.533381640911102295e-01
2.930288910865783691e-01
3.133620619773864746e-01
3.307109177112579346e-01
3.520798683166503906e-01
2.372932434082031250e-01
4.630554616451263428e-01
2.704952359199523926e-01
3.057806491851806641e-01
4.054827690124511719e-01
4.179093241691589355e-01
2.750005424022674561e-01
4.120314717292785645e-01
3.203999400138854980e-01
4.502327144145965576e-01
2.485043853521347046e-01
3.431218564510345459e-01
3.310033977031707764e-01
3.042062520980834961e-01
2.234461605548858643e-01
3.108457922935485840e-01
2.956891059875488281e-01
2.394453287124633789e-01
4.217375516891479492e-01
5.250613093376159668e-01
3.550269007682800293e-01
3.270414471626281738e-01
4.002873897552490234e-01
3.218871355056762695e-01
2.540469169616699219e-01
4.033479094505310059e-01
2.340715080499649048e-01
4.066302478313446045e-01
3.084404468536376953e-01
4.312885701656341553e-01
3.992319107055664062e-01
2.575333714485168457e-01
3.063287138938903809e-01
2.222867012023925781e-01
3.854355812072753906e-01
3.218553066253662109e-01
2.556107640266418457e-01
4.634926915168762207e-01
2.221256941556930542e-01
2.084487974643707275e-01
3.989870548248291016e-01
2.052315026521682739e-01
3.017668128013610840e-01
3.570657670497894287e-01
4.193201363086700439e-01
4.582767188549041748e-01
3.770145177841186523e-01
4.320300817489624023e-01
3.103419244289398193e-01
2.743770182132720947e-01
3.901446759700775146e-01
3.131559193134307861e-01
4.102074801921844482e-01
3.161323070526123047e-01
2.389522641897201538e-01
2.068167030811309814e-01
2.949205636978149414e-01
4.686380624771118164e-01
3.290498852729797363e-01
2.228945195674896240e-01
4.336321353912353516e-01
3.439206480979919434e-01
6.372150182723999023e-01
2.770821750164031982e-01
3.360496163368225098e-01
5.372087359428405762e-01
3.886365890502929688e-01
3.480941355228424072e-01
4.316933751106262207e-01
4.577847421169281006e-01
3.210112452507019043e-01
3.472210764884948730e-01
3.852169811725616455e-01
2.897066771984100342e-01
2.842242121696472168e-01
4.209995269775390625e-01
3.817153573036193848e-01
3.577576875686645508e-01
4.060663580894470215e-01
2.335967421531677246e-01
4.179746806621551514e-01
3.676257133483886719e-01
3.196844458580017090e-01
3.455077111721038818e-01
3.158514797687530518e-01
1.832596957683563232e-01
3.015680015087127686e-01
2.673874497413635254e-01
2.626638114452362061e-01
3.564445674419403076e-01
3.644093275070190430e-01
3.854400515556335449e-01
4.603097438812255859e-01
3.584609925746917725e-01
2.706213593482971191e-01
2.551877796649932861e-01
2.628248631954193115e-01
4.856986999511718750e-01
4.062168896198272705e-01
3.627337217330932617e-01
3.314665555953979492e-01
3.262497186660766602e-01
4.084694981575012207e-01
4.329240620136260986e-01
3.572348654270172119e-01
2.954633235931396484e-01
2.537791728973388672e-01
4.330845475196838379e-01
3.719924390316009521e-01
4.296887516975402832e-01
4.135264158248901367e-01
3.393417298793792725e-01
2.965337038040161133e-01
3.205428719520568848e-01
3.303941488265991211e-01
4.307814240455627441e-01
4.286157190799713135e-01
1.982628405094146729e-01
2.246236503124237061e-01
4.142139554023742676e-01
2.945378720760345459e-01
2.556858360767364502e-01
3.364657163619995117e-01
3.532397150993347168e-01
4.407708048820495605e-01
3.183659017086029053e-01
3.251013457775115967e-01
2.607266306877136230e-01
3.248646855354309082e-01
2.675324082374572754e-01
3.637096881866455078e-01
4.663920998573303223e-01
3.460176587104797363e-01
4.286297559738159180e-01
3.399724960327148438e-01
3.580136299133300781e-01
2.859640419483184814e-01
2.532713711261749268e-01
4.740373194217681885e-01
4.435200691223144531e-01
3.578398823738098145e-01
3.831461071968078613e-01
3.579756021499633789e-01
3.484580516815185547e-01
4.263886213302612305e-01
4.121008515357971191e-01
4.075905680656433105e-01
4.165595173835754395e-01
4.541134238243103027e-01
3.755796849727630615e-01
2.755982577800750732e-01
2.957939803600311279e-01
2.833387255668640137e-01
3.697360754013061523e-01
2.961225807666778564e-01
3.261339664459228516e-01
2.908374071121215820e-01
4.330206513404846191e-01
3.783875703811645508e-01
3.487757742404937744e-01
2.533032000064849854e-01
3.056327104568481445e-01
2.604681253433227539e-01
3.991560041904449463e-01
1.964071840047836304e-01
2.435250282287597656e-01
2.624119520187377930e-01
3.106538057327270508e-01
3.066402077674865723e-01
2.010052204132080078e-01
4.928301274776458740e-01
3.160516023635864258e-01
3.504958450794219971e-01
4.145586490631103516e-01
2.579006254673004150e-01
1.976886689662933350e-01
2.370857596397399902e-01
3.402024507522583008e-01
3.705664277076721191e-01
2.939525246620178223e-01
3.217957317829132080e-01
4.880935847759246826e-01
3.270910382270812988e-01
3.239213824272155762e-01
3.913338780403137207e-01
3.450472056865692139e-01
2.724377512931823730e-01
2.546226382255554199e-01
2.402111738920211792e-01
3.590025007724761963e-01
2.876648306846618652e-01
2.779591083526611328e-01
4.679458439350128174e-01
2.514317631721496582e-01
3.562263250350952148e-01
3.239281177520751953e-01
2.597254216670989990e-01
2.613942027091979980e-01
4.416514337062835693e-01
4.177798032760620117e-01
2.731306552886962891e-01
2.900353968143463135e-01
1.970025897026062012e-01
4.205888509750366211e-01
4.050129652023315430e-01
3.693961799144744873e-01
3.773886859416961670e-01
3.153838217258453369e-01
3.290743231773376465e-01
3.915058970451354980e-01
3.891261219978332520e-01
3.144248127937316895e-01
2.848204672336578369e-01
3.321080803871154785e-01
4.589436054229736328e-01
3.185368478298187256e-01
2.167613804340362549e-01
4.168173074722290039e-01
3.801212906837463379e-01
2.831121683120727539e-01
3.108423352241516113e-01
2.898944318294525146e-01
4.447088837623596191e-01
3.686028420925140381e-01
4.165831506252288818e-01
4.207516312599182129e-01
3.436827063560485840e-01
3.891456127166748047e-01
4.870346188545227051e-01
2.977951765060424805e-01
3.217999041080474854e-01
2.861188650131225586e-01
3.684370517730712891e-01
3.555627465248107910e-01
3.138248026371002197e-01
2.949613928794860840e-01
2.327500581741333008e-01
3.071555793285369873e-01
3.643073141574859619e-01
3.351488709449768066e-01
3.628937900066375732e-01
3.288556337356567383e-01
2.904861569404602051e-01
3.172245323657989502e-01
2.930227816104888916e-01
4.129955768585205078e-01
4.696465432643890381e-01
4.679093062877655029e-01
3.541292250156402588e-01
2.600454092025756836e-01
2.623097896575927734e-01
3.898980021476745605e-01
2.899386882781982422e-01
3.478262722492218018e-01
2.459797710180282593e-01
3.886483907699584961e-01
3.757566213607788086e-01
2.309824377298355103e-01
3.828812539577484131e-01
3.215354681015014648e-01
2.255930602550506592e-01
4.054034352302551270e-01
3.236253857612609863e-01
2.757458686828613281e-01
3.285968601703643799e-01
2.099476903676986694e-01
4.413103163242340088e-01
2.578458786010742188e-01
3.395477533340454102e-01
2.908371090888977051e-01
2.487744837999343872e-01
3.432573974132537842e-01
4.888180494308471680e-01
3.208195567131042480e-01
2.399055659770965576e-01
3.101521730422973633e-01
1.891849935054779053e-01
3.075752854347229004e-01
3.382311165332794189e-01
2.134551703929901123e-01
3.193266093730926514e-01
3.095584213733673096e-01
4.031625092029571533e-01
3.352463841438293457e-01
4.066250622272491455e-01
2.530114650726318359e-01
2.368472218513488770e-01
3.143420517444610596e-01
2.331808358430862427e-01
3.150855898857116699e-01
3.593547046184539795e-01
3.172699809074401855e-01
2.829777896404266357e-01
3.411988615989685059e-01
4.794813990592956543e-01
3.808802962303161621e-01
2.931708097457885742e-01
3.874056637287139893e-01
2.900770902633666992e-01
4.033944010734558105e-01
2.672532200813293457e-01
4.117578864097595215e-01
3.804761767387390137e-01
3.950126171112060547e-01
3.623675107955932617e-01
3.228058815002441406e-01
3.036363720893859863e-01
3.788465261459350586e-01
2.679966092109680176e-01
2.948941588401794434e-01
3.236657083034515381e-01
3.282582759857177734e-01
3.765238821506500244e-01
2.604820430278778076e-01
2.225768268108367920e-01
3.565968871116638184e-01
3.926363587379455566e-01
3.223170638084411621e-01
1.842345744371414185e-01
4.122097492218017578e-01
1.915406584739685059e-01
4.162501692771911621e-01
3.279904127120971680e-01
4.145038127899169922e-01
4.671937823295593262e-01
4.106095731258392334e-01
2.739760875701904297e-01
3.292484879493713379e-01
3.701302111148834229e-01
2.192826271057128906e-01
3.517366945743560791e-01
2.906883060932159424e-01
2.607035636901855469e-01
3.708065748214721680e-01
3.809988498687744141e-01
3.956436514854431152e-01
3.867958784103393555e-01
4.238458573818206787e-01
2.593994736671447754e-01
3.533143997192382812e-01
2.985192239284515381e-01
3.314599096775054932e-01
4.060056507587432861e-01
3.897113800048828125e-01
2.999342679977416992e-01
3.707716464996337891e-01
2.959180474281311035e-01
4.702436029911041260e-01
3.457006216049194336e-01
3.460077345371246338e-01
3.418479561805725098e-01
3.428347408771514893e-01
3.640612363815307617e-01
2.891279458999633789e-01
3.089311718940734863e-01
3.727890551090240479e-01
3.093124330043792725e-01
3.367241919040679932e-01
4.641794562339782715e-01
3.180541396141052246e-01
3.185451626777648926e-01
3.113915026187896729e-01
2.944207787513732910e-01
3.149094283580780029e-01
4.127952456474304199e-01
2.355969697237014771e-01
4.129936397075653076e-01
3.229577541351318359e-01
3.269101977348327637e-01
3.264849483966827393e-01
2.828196585178375244e-01
2.938281595706939697e-01
3.621205091476440430e-01
2.444881498813629150e-01
2.939939498901367188e-01
2.543365359306335449e-01
3.711134791374206543e-01
1.919356882572174072e-01
3.541409075260162354e-01
2.583088278770446777e-01
2.524020075798034668e-01
3.156291544437408447e-01
3.376656770706176758e-01
2.955297231674194336e-01
3.809369206428527832e-01
2.904596328735351562e-01
2.934024930000305176e-01
3.680604398250579834e-01
3.672658503055572510e-01
3.383495211601257324e-01
2.422583103179931641e-01
5.477787256240844727e-01
3.258082866668701172e-01
2.598907351493835449e-01
3.977686762809753418e-01
3.759934306144714355e-01
3.802604377269744873e-01
2.746935486793518066e-01
4.397356808185577393e-01
2.911917269229888916e-01
3.404621481895446777e-01
3.135040104389190674e-01
2.887825965881347656e-01
5.037399530410766602e-01
3.226391077041625977e-01
3.143404722213745117e-01
4.355912804603576660e-01
3.767185211181640625e-01
3.475611507892608643e-01
3.959718048572540283e-01
2.296875119209289551e-01
3.905662894248962402e-01
3.585949838161468506e-01
2.997704446315765381e-01
4.688839316368103027e-01
2.294959425926208496e-01
3.284067511558532715e-01
3.295423984527587891e-01
2.572271823883056641e-01
2.691474258899688721e-01
2.519985437393188477e-01
2.527018785476684570e-01
4.025281667709350586e-01
3.960469067096710205e-01
3.264282345771789551e-01
5.146581530570983887e-01
4.235430359840393066e-01
3.070285022258758545e-01
4.657988250255584717e-01
4.667692184448242188e-01
3.635531663894653320e-01
4.365300834178924561e-01
2.732007503509521484e-01
2.093572765588760376e-01
4.341648519039154053e-01
2.586082816123962402e-01
3.151694536209106445e-01
2.224789857864379883e-01
2.160807549953460693e-01
2.651056945323944092e-01
5.090309977531433105e-01
3.253997564315795898e-01
3.582408428192138672e-01
3.799028992652893066e-01
3.270448446273803711e-01
4.297764599323272705e-01
3.644638657569885254e-01
2.233330607414245605e-01
3.944686651229858398e-01
3.423957824707031250e-01
2.795180082321166992e-01
3.552713692188262939e-01
4.264892339706420898e-01
3.173990249633789062e-01
2.591148614883422852e-01
3.484711050987243652e-01
2.696955204010009766e-01
2.852577865123748779e-01
5.740956068038940430e-01
1.665610969066619873e-01
2.759308516979217529e-01
3.938955664634704590e-01
5.770980715751647949e-01
4.377492070198059082e-01
4.074329137802124023e-01
2.345048487186431885e-01
3.324307799339294434e-01
2.532512545585632324e-01
2.970641255378723145e-01
2.776234149932861328e-01
5.326583385467529297e-01
2.333921641111373901e-01
3.837206363677978516e-01
3.258281946182250977e-01
2.838363051414489746e-01
3.569731116294860840e-01
4.825873374938964844e-01
3.255505561828613281e-01
2.979906797409057617e-01
1.856449544429779053e-01
3.535894751548767090e-01
3.343597948551177979e-01
3.549687266349792480e-01
5.015789270401000977e-01
3.921356201171875000e-01
2.186914086341857910e-01
2.438319474458694458e-01
4.093652367591857910e-01
2.388706505298614502e-01
3.609565496444702148e-01
2.695221900939941406e-01
2.740918993949890137e-01
1.942029446363449097e-01
3.665251135826110840e-01
2.076908946037292480e-01
2.548240423202514648e-01
3.264712691307067871e-01
2.057444453239440918e-01
4.215611219406127930e-01
3.291364908218383789e-01
3.860583305358886719e-01
4.312000870704650879e-01
3.025292754173278809e-01
1.880717873573303223e-01
3.871218264102935791e-01
2.118908017873764038e-01
2.980308532714843750e-01
3.613056540489196777e-01
3.038883805274963379e-01
4.888312816619873047e-01
3.146241307258605957e-01
2.968081831932067871e-01
2.880899608135223389e-01
5.805799961090087891e-01
3.073565065860748291e-01
3.543961048126220703e-01
2.743404507637023926e-01
3.283459246158599854e-01
3.752375543117523193e-01
2.702941894531250000e-01
3.044122457504272461e-01
3.296847045421600342e-01
4.169638752937316895e-01
2.618001401424407959e-01
3.192731738090515137e-01
1.924788057804107666e-01
3.104510307312011719e-01
3.534113764762878418e-01
3.214412331581115723e-01
2.874642610549926758e-01
2.840112149715423584e-01
2.461173534393310547e-01
2.544881105422973633e-01
2.646748721599578857e-01
3.594388365745544434e-01
2.935155630111694336e-01
2.653760612010955811e-01
3.512576222419738770e-01
2.516326010227203369e-01
2.996553182601928711e-01
2.915760278701782227e-01
3.488077521324157715e-01
3.026705980300903320e-01
2.193584293127059937e-01
2.159795463085174561e-01
2.614031732082366943e-01
4.017792046070098877e-01
5.072976350784301758e-01
2.930796742439270020e-01
3.567875623703002930e-01
3.514965772628784180e-01
2.630811631679534912e-01
3.610846102237701416e-01
3.304754793643951416e-01
3.912400007247924805e-01
4.289560616016387939e-01
2.275517731904983521e-01
3.762497305870056152e-01
4.582102298736572266e-01
2.819611132144927979e-01
3.464331030845642090e-01
2.565374970436096191e-01
3.226800262928009033e-01
3.158676922321319580e-01
2.558334171772003174e-01
3.093577027320861816e-01
2.790304422378540039e-01
2.457993030548095703e-01
3.549432456493377686e-01
3.052054047584533691e-01
3.212473392486572266e-01
3.374121785163879395e-01
3.597935438156127930e-01
3.934552371501922607e-01
3.008397817611694336e-01
3.037951588630676270e-01
3.184686303138732910e-01
3.620486855506896973e-01
2.459186613559722900e-01
3.160443007946014404e-01
2.865319550037384033e-01
4.575829207897186279e-01
2.213367670774459839e-01
2.129121720790863037e-01
3.155796825885772705e-01
4.472231864929199219e-01
3.234806656837463379e-01
2.717005014419555664e-01
2.916754186153411865e-01
3.216004967689514160e-01
2.726515233516693115e-01
4.003779888153076172e-01
3.534469604492187500e-01
3.855788111686706543e-01
5.674136877059936523e-01
3.026906847953796387e-01
2.324580550193786621e-01
3.707284331321716309e-01
3.753269910812377930e-01
2.457568049430847168e-01
3.379302620887756348e-01
1.967496573925018311e-01
3.747612833976745605e-01
4.313205480575561523e-01
3.087220191955566406e-01
4.233972132205963135e-01
3.926196694374084473e-01
4.300749897956848145e-01
2.755898535251617432e-01
4.078902304172515869e-01
3.253157734870910645e-01
2.470054328441619873e-01
3.699454069137573242e-01
4.210873544216156006e-01
4.413520693778991699e-01
2.323925197124481201e-01
3.621315062046051025e-01
4.278160035610198975e-01
2.279229462146759033e-01
4.446991682052612305e-01
4.284744262695312500e-01
3.864597082138061523e-01
2.972623109817504883e-01
2.568050622940063477e-01
2.862612009048461914e-01
2.754099965095520020e-01
2.559572458267211914e-01
2.333109080791473389e-01
3.042268157005310059e-01
2.654690146446228027e-01
3.742405772209167480e-01
2.715255022048950195e-01
3.761858642101287842e-01
3.769092559814453125e-01
2.907114923000335693e-01
2.865144610404968262e-01
2.863474786281585693e-01
3.253055214881896973e-01
4.960765540599822998e-01
3.585291504859924316e-01
2.286533415317535400e-01
1.995483189821243286e-01
3.841583132743835449e-01
2.686353325843811035e-01
2.819139063358306885e-01
2.542083561420440674e-01
3.551028370857238770e-01
2.600414752960205078e-01
5.083097219467163086e-01
4.018461704254150391e-01
3.996849954128265381e-01
3.287357091903686523e-01
2.916734218597412109e-01
1.995711475610733032e-01
2.960095405578613281e-01
2.488608211278915405e-01
5.542975664138793945e-01
3.483334183692932129e-01
3.455290496349334717e-01
2.183208316564559937e-01
2.448680698871612549e-01
3.247395455837249756e-01
3.692950010299682617e-01
2.596201300621032715e-01
2.939414381980895996e-01
3.662182390689849854e-01
1.726435869932174683e-01
3.463557064533233643e-01
3.395839929580688477e-01
2.929478287696838379e-01
4.338202476501464844e-01
2.365198880434036255e-01
3.935177326202392578e-01
3.051856160163879395e-01
3.188357353210449219e-01
2.650541365146636963e-01
4.397837519645690918e-01
3.818079829216003418e-01
3.637591600418090820e-01
4.124013185501098633e-01
3.614793419837951660e-01
2.328693270683288574e-01
3.426739275455474854e-01
3.917117416858673096e-01
4.328470230102539062e-01
5.146011114120483398e-01
3.761339187622070312e-01
2.713542878627777100e-01
4.144638776779174805e-01
3.164251446723937988e-01
4.253449440002441406e-01
3.763729333877563477e-01
3.267913758754730225e-01
3.884812593460083008e-01
3.680047690868377686e-01
2.191406637430191040e-01
3.523045182228088379e-01
4.186942577362060547e-01
3.744369745254516602e-01
3.186876177787780762e-01
3.806815147399902344e-01
3.079455494880676270e-01
2.151753753423690796e-01
3.109763562679290771e-01
4.460376799106597900e-01
2.271470427513122559e-01
3.851292729377746582e-01
4.456175565719604492e-01
1.897459924221038818e-01
2.914197444915771484e-01
3.750489354133605957e-01
2.389590144157409668e-01
3.007086217403411865e-01
3.011869192123413086e-01
4.289660751819610596e-01
2.057673037052154541e-01
3.121965229511260986e-01
2.350893765687942505e-01
3.492556810379028320e-01
3.509505391120910645e-01
2.923151552677154541e-01
3.393236398696899414e-01
3.440841138362884521e-01
3.743159174919128418e-01
2.614812254905700684e-01
3.153517246246337891e-01
3.488124310970306396e-01
2.568110823631286621e-01
3.392061889171600342e-01
2.599168419837951660e-01
2.079107016324996948e-01
2.519588172435760498e-01
3.589226007461547852e-01
2.510682940483093262e-01
2.718682289123535156e-01
3.692740797996520996e-01
4.906935095787048340e-01
3.036665022373199463e-01
3.446779847145080566e-01
3.298550248146057129e-01
3.239477872848510742e-01
2.141214609146118164e-01
4.846040606498718262e-01
3.566743433475494385e-01
3.271716833114624023e-01
3.924798965454101562e-01
2.996219992637634277e-01
3.646149933338165283e-01
2.478867471218109131e-01
3.314678072929382324e-01
2.642438411712646484e-01
2.383998632431030273e-01
4.151570200920104980e-01
2.372404038906097412e-01
2.399994432926177979e-01
4.209977388381958008e-01
4.644634127616882324e-01
2.749755978584289551e-01
3.034330010414123535e-01
2.659941315650939941e-01
4.015304446220397949e-01
2.958222031593322754e-01
3.644496202468872070e-01
3.716518282890319824e-01
3.822117745876312256e-01
3.191939592361450195e-01
3.476664423942565918e-01
2.548976838588714600e-01
3.754003643989562988e-01
3.491303026676177979e-01
3.379241824150085449e-01
3.083978891372680664e-01
2.036662995815277100e-01
1.714519411325454712e-01
2.077025175094604492e-01
2.784565091133117676e-01
3.235513567924499512e-01
3.373317122459411621e-01
3.523769080638885498e-01
2.315033972263336182e-01
4.435808658599853516e-01
3.575920164585113525e-01
3.203899860382080078e-01
3.044743835926055908e-01
2.948053479194641113e-01
3.007510602474212646e-01
3.855394124984741211e-01
4.276856184005737305e-01
2.670112848281860352e-01
2.910420298576354980e-01
2.778941690921783447e-01
2.717453241348266602e-01
3.170247077941894531e-01
4.442048072814941406e-01
3.213773965835571289e-01
3.561741113662719727e-01
2.603879570960998535e-01
2.533388435840606689e-01
3.219668269157409668e-01
4.282642900943756104e-01
4.249116182327270508e-01
3.081283569335937500e-01
3.619597554206848145e-01
2.723328471183776855e-01
3.526361286640167236e-01
3.673048913478851318e-01
2.058261185884475708e-01
5.011954307556152344e-01
3.813119530677795410e-01
2.127692252397537231e-01
2.328578233718872070e-01
3.299164175987243652e-01
3.351259827613830566e-01
3.211370706558227539e-01
3.906060457229614258e-01
3.865734934806823730e-01
2.043201327323913574e-01
5.166962146759033203e-01
2.749982178211212158e-01
2.375712990760803223e-01
3.393187224864959717e-01
4.299849569797515869e-01
2.752997279167175293e-01
2.497304677963256836e-01
3.068006634712219238e-01
4.487923085689544678e-01
4.461064934730529785e-01
3.496594130992889404e-01
3.401488661766052246e-01
3.496103584766387939e-01
3.903911709785461426e-01
3.681724667549133301e-01
3.332556486129760742e-01
2.521147727966308594e-01
3.490677177906036377e-01
3.722450733184814453e-01
3.568081855773925781e-01
3.248659372329711914e-01
5.918909311294555664e-01
3.324495553970336914e-01
3.985795974731445312e-01
2.836646139621734619e-01
3.897738158702850342e-01
2.980859279632568359e-01
3.532360196113586426e-01
3.314099311828613281e-01
2.925173640251159668e-01
3.507249355316162109e-01
3.564767837524414062e-01
3.044536709785461426e-01
2.927314043045043945e-01
3.745648860931396484e-01
2.122594118118286133e-01
2.659808695316314697e-01
3.628338873386383057e-01
3.375130295753479004e-01
2.024478912353515625e-01
3.992982804775238037e-01
2.994696497917175293e-01
3.972891569137573242e-01
3.864020705223083496e-01
3.918865323066711426e-01
2.742280960083007812e-01
3.500164151191711426e-01
3.538336157798767090e-01
2.277807742357254028e-01
2.464700937271118164e-01
3.315485715866088867e-01
3.865053057670593262e-01
3.274914920330047607e-01
2.352967262268066406e-01
3.477212786674499512e-01
2.420976758003234863e-01
4.600379467010498047e-01
3.507275283336639404e-01
2.320325374603271484e-01
2.979966104030609131e-01
2.703002691268920898e-01
3.091177642345428467e-01
2.683182358741760254e-01
3.506299257278442383e-01
4.028785824775695801e-01
4.590667784214019775e-01
3.005681335926055908e-01
3.536736369132995605e-01
1.820897907018661499e-01
2.235810160636901855e-01
3.422635793685913086e-01
4.576329886913299561e-01
2.645913362503051758e-01
3.266062140464782715e-01
4.499144852161407471e-01
3.734602630138397217e-01
2.254455983638763428e-01
3.707356750965118408e-01
2.683531641960144043e-01
4.385469853878021240e-01
3.378548622131347656e-01
3.202103674411773682e-01
1.433742344379425049e-01
3.832029998302459717e-01
3.189060688018798828e-01
3.074649870395660400e-01
3.450527191162109375e-01
2.645023763179779053e-01
2.729803919792175293e-01
3.065496087074279785e-01
4.493784308433532715e-01
2.895886301994323730e-01
2.924936413764953613e-01
3.209082186222076416e-01
3.964565098285675049e-01
2.639066576957702637e-01
3.396359682083129883e-01
2.504305243492126465e-01
2.716509103775024414e-01
2.473948895931243896e-01
3.091745078563690186e-01
3.641537427902221680e-01
4.522598683834075928e-01
3.038944602012634277e-01
3.971821069717407227e-01
4.106125533580780029e-01
2.903042435646057129e-01
3.054857254028320312e-01
3.103557527065277100e-01
3.260999917984008789e-01
3.183104395866394043e-01
3.900886774063110352e-01
4.006989598274230957e-01
2.470633387565612793e-01
4.050589203834533691e-01
2.499833852052688599e-01
3.064016401767730713e-01
2.398563176393508911e-01
2.939423322677612305e-01
4.378914535045623779e-01
3.680292963981628418e-01
3.954980969429016113e-01
2.911578714847564697e-01
2.994574606418609619e-01
3.375920951366424561e-01
3.288647830486297607e-01
2.270619869232177734e-01
2.264950126409530640e-01
2.604047358036041260e-01
2.318411171436309814e-01
3.279084563255310059e-01
3.667201995849609375e-01
3.581809997558593750e-01
2.647573351860046387e-01
2.796632647514343262e-01
4.881201684474945068e-01
4.214222431182861328e-01
3.579455614089965820e-01
3.534451127052307129e-01
2.240778952836990356e-01
3.794764876365661621e-01
3.351114392280578613e-01
3.426013290882110596e-01
3.057284355163574219e-01
2.870815992355346680e-01
3.734317421913146973e-01
3.951668143272399902e-01
3.358466625213623047e-01
4.547746479511260986e-01
4.111872911453247070e-01
5.094331502914428711e-01
2.658985257148742676e-01
3.049388229846954346e-01
3.750195503234863281e-01
3.624321520328521729e-01
3.621923923492431641e-01
2.116628438234329224e-01
2.819286882877349854e-01
5.015236139297485352e-01
2.691143155097961426e-01
4.366217851638793945e-01
3.197381496429443359e-01
3.579810261726379395e-01
2.568219304084777832e-01
3.464240431785583496e-01
2.328195869922637939e-01
3.446014523506164551e-01
3.281589448451995850e-01
2.366237342357635498e-01
2.846203744411468506e-01
3.218333721160888672e-01
2.603932619094848633e-01
1.902175843715667725e-01
4.414837658405303955e-01
3.489096164703369141e-01
2.583288550376892090e-01
3.416292071342468262e-01
3.184291124343872070e-01
3.891402482986450195e-01
5.216075778007507324e-01
3.374545276165008545e-01
3.670494258403778076e-01
2.568822801113128662e-01
3.441796302795410156e-01
3.273292779922485352e-01
2.304702550172805786e-01
2.790933847427368164e-01
3.036446273326873779e-01
3.396490216255187988e-01
3.412096500396728516e-01
2.657276988029479980e-01
4.186300337314605713e-01
3.149301111698150635e-01
5.159373879432678223e-01
2.913822233676910400e-01
2.824667692184448242e-01
4.451356232166290283e-01
3.395064771175384521e-01
2.424598038196563721e-01
3.619896173477172852e-01
2.711721658706665039e-01
3.933950364589691162e-01
3.337031602859497070e-01
2.793747782707214355e-01
4.020826220512390137e-01
3.515099287033081055e-01
1.400648057460784912e-01
3.234684765338897705e-01
3.742902874946594238e-01
1.994443088769912720e-01
3.085734844207763672e-01
2.195088267326354980e-01
3.475920259952545166e-01
5.923356413841247559e-01
3.055188655853271484e-01
2.826447784900665283e-01
1.858205348253250122e-01
2.462987601757049561e-01
3.613822460174560547e-01
3.856222033500671387e-01
2.868911623954772949e-01
2.695285677909851074e-01
3.883320093154907227e-01
3.888609111309051514e-01
3.440294861793518066e-01
4.292901158332824707e-01
2.362536638975143433e-01
2.954392135143280029e-01
3.409697413444519043e-01
3.578869700431823730e-01
3.386343717575073242e-01
2.934545874595642090e-01
1.966897100210189819e-01
3.327628076076507568e-01
3.070021569728851318e-01
3.228709101676940918e-01
1.971617639064788818e-01
2.716209888458251953e-01
3.865993618965148926e-01
2.561923861503601074e-01
3.568975925445556641e-01
3.077425360679626465e-01
2.832500040531158447e-01
2.008385658264160156e-01
4.532419443130493164e-01
4.380463957786560059e-01
3.382298946380615234e-01
2.839387059211730957e-01
2.954478263854980469e-01
3.630662262439727783e-01
3.210631012916564941e-01
4.260395169258117676e-01
2.981516122817993164e-01
3.009105622768402100e-01
3.274220526218414307e-01
3.336945772171020508e-01
2.968956232070922852e-01
2.563125491142272949e-01
3.158775866031646729e-01
2.854155302047729492e-01
2.118826210498809814e-01
2.670323848724365234e-01
4.953502118587493896e-01
4.219545125961303711e-01
4.056133627891540527e-01
1.782557368278503418e-01
1.649799644947052002e-01
3.247589468955993652e-01
1.323640793561935425e-01
3.277170658111572266e-01
3.847504556179046631e-01
3.544355928897857666e-01
2.615815997123718262e-01
3.933568596839904785e-01
4.427406787872314453e-01
2.854396104812622070e-01
2.085017263889312744e-01
4.907769858837127686e-01
3.072884678840637207e-01
3.518721163272857666e-01
3.348646759986877441e-01
3.631336390972137451e-01
2.518036663532257080e-01
3.061599135398864746e-01
3.270395398139953613e-01
3.164272904396057129e-01
2.197268605232238770e-01
4.310456514358520508e-01
3.411557078361511230e-01
3.694333136081695557e-01
2.718473374843597412e-01
4.084050953388214111e-01
3.668932914733886719e-01
2.223011255264282227e-01
3.136139214038848877e-01
4.168001413345336914e-01
2.886131405830383301e-01
2.764125764369964600e-01
4.881985187530517578e-01
3.238982558250427246e-01
3.206168711185455322e-01
3.681812286376953125e-01
2.048887610435485840e-01
2.270262241363525391e-01
3.555772304534912109e-01
2.828282415866851807e-01
3.206610083580017090e-01
2.342570424079895020e-01
2.545351386070251465e-01
3.180139064788818359e-01
3.410907387733459473e-01
2.988761067390441895e-01
2.555995881557464600e-01
2.479905635118484497e-01
2.471773028373718262e-01
1.415316164493560791e-01
4.955341815948486328e-01
1.777169257402420044e-01
2.992438971996307373e-01
3.164121508598327637e-01
1.812678575515747070e-01
1.780993789434432983e-01
2.748056650161743164e-01
3.554472327232360840e-01
2.962301373481750488e-01
3.565536737442016602e-01
3.704636693000793457e-01
3.453541100025177002e-01
2.904413938522338867e-01
2.836554050445556641e-01
2.992526590824127197e-01
2.025882601737976074e-01
1.926086395978927612e-01
3.385315537452697754e-01
3.704645633697509766e-01
4.543294906616210938e-01
3.505208790302276611e-01
2.633659541606903076e-01
3.816970884799957275e-01
3.389346003532409668e-01
4.926576614379882812e-01
2.769792079925537109e-01
2.678326666355133057e-01
2.860341072082519531e-01
5.262665152549743652e-01
3.744461536407470703e-01
3.619599044322967529e-01
4.087604880332946777e-01
2.343947589397430420e-01
3.531429469585418701e-01
3.720215559005737305e-01
2.156146168708801270e-01
3.529463410377502441e-01
2.854731380939483643e-01
3.631335794925689697e-01
3.659447729587554932e-01
3.114514350891113281e-01
2.949599027633666992e-01
2.560607790946960449e-01
2.571076154708862305e-01
3.741393089294433594e-01
3.633443415164947510e-01
2.046163678169250488e-01
2.862809300422668457e-01
4.584732651710510254e-01
4.616653323173522949e-01
4.117781817913055420e-01
2.972239851951599121e-01
2.467756271362304688e-01
3.407482206821441650e-01
2.636086344718933105e-01
2.553313374519348145e-01
3.200001120567321777e-01
3.521443009376525879e-01
3.072372376918792725e-01
4.630821347236633301e-01
2.595997154712677002e-01
3.981599211692810059e-01
3.206663429737091064e-01
2.705836892127990723e-01
2.825303375720977783e-01
2.941555976867675781e-01
4.047063589096069336e-01
3.719415664672851562e-01
3.106037378311157227e-01
3.326494991779327393e-01
2.822249531745910645e-01
3.652236461639404297e-01
4.789015054702758789e-01
3.635291457176208496e-01
2.682666480541229248e-01
3.719921112060546875e-01
3.827250301837921143e-01
3.967165648937225342e-01
3.163324594497680664e-01
2.635165154933929443e-01
3.437451720237731934e-01
3.884692788124084473e-01
4.210009276866912842e-01
3.707211613655090332e-01
2.647069692611694336e-01
3.157932162284851074e-01
3.183720409870147705e-01
2.352638244628906250e-01
4.404487013816833496e-01
2.548429965972900391e-01
2.627596259117126465e-01
2.812634706497192383e-01
2.787953615188598633e-01
3.587393164634704590e-01
4.777156710624694824e-01
4.558954238891601562e-01
2.401929646730422974e-01
2.881721854209899902e-01
3.357259929180145264e-01
3.179473876953125000e-01
3.470022380352020264e-01
4.799380302429199219e-01
2.585335969924926758e-01
1.901308000087738037e-01
1.556357741355895996e-01
3.454189002513885498e-01
3.128393888473510742e-01
3.822764754295349121e-01
3.839277625083923340e-01
3.927671909332275391e-01
4.321207404136657715e-01
3.925578594207763672e-01
3.901394903659820557e-01
3.518810272216796875e-01
2.998217940330505371e-01
2.167915999889373779e-01
2.418669611215591431e-01
2.889565229415893555e-01
3.286921679973602295e-01
3.242788314819335938e-01
2.396947294473648071e-01
3.156980276107788086e-01
3.612635731697082520e-01
3.157789707183837891e-01
3.049421310424804688e-01
2.926110625267028809e-01
3.342367708683013916e-01
2.785863578319549561e-01
3.155259490013122559e-01
4.056414365768432617e-01
4.177974462509155273e-01
2.854144573211669922e-01
2.449145764112472534e-01
2.676452994346618652e-01
2.715720236301422119e-01
3.215355873107910156e-01
3.068895339965820312e-01
3.447202742099761963e-01
2.306671738624572754e-01
2.724043130874633789e-01
3.663023412227630615e-01
2.916805446147918701e-01
3.689290881156921387e-01
2.821103930473327637e-01
3.628616034984588623e-01
2.674584984779357910e-01
3.650796413421630859e-01
4.406615495681762695e-01
2.951292097568511963e-01
3.052507042884826660e-01
2.896184325218200684e-01
2.514637410640716553e-01
3.546323776245117188e-01
2.504925131797790527e-01
3.869229555130004883e-01
3.751189708709716797e-01
2.261475026607513428e-01
2.603126764297485352e-01
2.291242927312850952e-01
2.865123152732849121e-01
2.455706596374511719e-01
2.990770936012268066e-01
3.390149474143981934e-01
3.850081562995910645e-01
4.411444962024688721e-01
2.473434805870056152e-01
4.500866532325744629e-01
1.901412010192871094e-01
3.686144351959228516e-01
3.026507198810577393e-01
2.779712378978729248e-01
5.021361708641052246e-01
2.512899339199066162e-01
2.338965386152267456e-01
3.699672222137451172e-01
4.603164196014404297e-01
3.354779481887817383e-01
2.574238777160644531e-01
3.168472051620483398e-01
2.472998052835464478e-01
3.509198427200317383e-01
3.541348278522491455e-01
1.510990709066390991e-01
2.880126833915710449e-01
4.728639125823974609e-01
2.441668510437011719e-01
4.371906816959381104e-01
2.124358117580413818e-01
3.659395277500152588e-01
3.868062496185302734e-01
2.666087448596954346e-01
4.198879897594451904e-01
3.349941372871398926e-01
2.538351416587829590e-01
4.103541970252990723e-01
3.235912621021270752e-01
4.106844663619995117e-01
3.600199520587921143e-01
2.212678492069244385e-01
2.467097193002700806e-01
3.780483305454254150e-01
2.863599061965942383e-01
4.274013638496398926e-01
2.368227839469909668e-01
3.476691842079162598e-01
3.775184452533721924e-01
2.557065784931182861e-01
3.167418837547302246e-01
4.644485414028167725e-01
2.951783835887908936e-01
3.812061846256256104e-01
3.281276822090148926e-01
2.454121261835098267e-01
2.037763595581054688e-01
4.137046635150909424e-01
4.155625998973846436e-01
1.918825805187225342e-01
2.414864748716354370e-01
3.935127556324005127e-01
2.900425195693969727e-01
4.050917029380798340e-01
3.789961040019989014e-01
2.938421368598937988e-01
3.119880557060241699e-01
3.472011089324951172e-01
3.144168257713317871e-01
2.857413589954376221e-01
5.479637384414672852e-01
3.182119727134704590e-01
2.923679649829864502e-01
2.737255692481994629e-01
2.488785237073898315e-01
3.518111109733581543e-01
2.996808290481567383e-01
4.064112305641174316e-01
3.318617939949035645e-01
2.790052294731140137e-01
4.339843988418579102e-01
2.448109835386276245e-01
4.480690360069274902e-01
3.915564119815826416e-01
3.621919155120849609e-01
2.620159685611724854e-01
2.792907953262329102e-01
4.742216765880584717e-01
3.086084127426147461e-01
3.452557027339935303e-01
3.526931703090667725e-01
2.536223828792572021e-01
2.292260080575942993e-01
2.744314074516296387e-01
4.340791404247283936e-01
3.328948020935058594e-01
4.076035618782043457e-01
3.514971733093261719e-01
2.223384380340576172e-01
2.913566529750823975e-01
3.710009157657623291e-01
3.997181057929992676e-01
4.331806898117065430e-01
3.446699976921081543e-01
3.254621624946594238e-01
3.620022535324096680e-01
4.830473661422729492e-01
3.639469146728515625e-01
3.582847118377685547e-01
3.629042804241180420e-01
3.373208045959472656e-01
3.416267633438110352e-01
4.542288184165954590e-01
1.865653842687606812e-01
3.465332984924316406e-01
3.242832422256469727e-01
4.124776422977447510e-01
3.283333778381347656e-01
2.358992844820022583e-01
3.796687424182891846e-01
2.866055071353912354e-01
3.996642231941223145e-01
2.932445108890533447e-01
2.555312514305114746e-01
2.944655418395996094e-01
3.143862187862396240e-01
3.012969493865966797e-01
2.440200746059417725e-01
2.921854853630065918e-01
2.302578687667846680e-01
2.913725376129150391e-01
3.450358510017395020e-01
3.350143432617187500e-01
3.199183940887451172e-01
3.466816544532775879e-01
2.772943079471588135e-01
2.462414503097534180e-01
2.677949070930480957e-01
4.336737394332885742e-01
2.753449082374572754e-01
3.588228821754455566e-01
3.314445912837982178e-01
4.005426168441772461e-01
3.099738657474517822e-01
3.054111599922180176e-01
2.530651688575744629e-01
2.952441573143005371e-01
3.480132222175598145e-01
5.218378901481628418e-01
2.243753671646118164e-01
3.185681104660034180e-01
2.946575284004211426e-01
3.178777098655700684e-01
2.811106443405151367e-01
3.842545151710510254e-01
3.026708960533142090e-01
5.509814023971557617e-01
3.271044492721557617e-01
2.854379713535308838e-01
4.505778253078460693e-01
2.475699186325073242e-01
2.101687192916870117e-01
3.357049822807312012e-01
3.816148042678833008e-01
2.373591661453247070e-01
1.352278888225555420e-01
3.309849202632904053e-01
4.385877251625061035e-01
4.041759371757507324e-01
2.926428914070129395e-01
2.828272879123687744e-01
3.168412446975708008e-01
3.781418502330780029e-01
3.246060013771057129e-01
2.963677048683166504e-01
3.653960525989532471e-01
4.295092225074768066e-01
3.618629574775695801e-01
2.667787969112396240e-01
2.988967299461364746e-01
3.387690186500549316e-01
2.811797559261322021e-01
2.299419343471527100e-01
4.528313279151916504e-01
2.784583568572998047e-01
3.703170716762542725e-01
2.301594316959381104e-01
1.891172677278518677e-01
2.696506083011627197e-01
2.428687512874603271e-01
3.423473238945007324e-01
3.910160660743713379e-01
2.699485421180725098e-01
3.254664540290832520e-01
3.292202353477478027e-01
2.798145115375518799e-01
1.880431175231933594e-01
3.730950653553009033e-01
3.414148390293121338e-01
2.943053543567657471e-01
2.525443136692047119e-01
2.017214894294738770e-01
3.155125975608825684e-01
2.790759503841400146e-01
3.798859715461730957e-01
3.710702061653137207e-01
3.314309716224670410e-01
3.438316583633422852e-01
3.102582097053527832e-01
2.526121139526367188e-01
2.751288414001464844e-01
3.960142135620117188e-01
3.730364441871643066e-01
3.326435685157775879e-01
3.108832240104675293e-01
1.942249983549118042e-01
2.598392367362976074e-01
4.329477548599243164e-01
4.063430428504943848e-01
3.674899339675903320e-01
2.524551153182983398e-01
3.890551924705505371e-01
3.826299309730529785e-01
2.273227870464324951e-01
3.413084149360656738e-01
1.654139310121536255e-01
2.731578350067138672e-01
3.952872157096862793e-01
3.870795369148254395e-01
3.862817883491516113e-01
3.573135137557983398e-01
4.278340339660644531e-01
4.518809318542480469e-01
3.186314702033996582e-01
3.053237497806549072e-01
4.045172929763793945e-01
1.866876184940338135e-01
3.181613683700561523e-01
2.830031514167785645e-01
3.280779123306274414e-01
3.838918805122375488e-01
4.252302646636962891e-01
2.923492789268493652e-01
2.801970541477203369e-01
3.585705459117889404e-01
3.489149510860443115e-01
2.643031775951385498e-01
2.097316682338714600e-01
3.689505457878112793e-01
4.186139106750488281e-01
3.325693011283874512e-01
4.335700571537017822e-01
3.603529334068298340e-01
2.816218733787536621e-01
3.799055218696594238e-01
3.557776808738708496e-01
3.664506673812866211e-01
2.465377599000930786e-01
2.483800649642944336e-01
1.504712700843811035e-01
3.188471198081970215e-01
2.345697283744812012e-01
2.254044115543365479e-01
3.872302174568176270e-01
3.583751916885375977e-01
2.975004613399505615e-01
3.210599124431610107e-01
2.510921359062194824e-01
2.760884165763854980e-01
3.066342473030090332e-01
3.013712465763092041e-01
3.001217246055603027e-01
3.166459798812866211e-01
4.523659646511077881e-01
2.325936406850814819e-01
3.799190521240234375e-01
3.507182598114013672e-01
2.147338390350341797e-01
3.299736678600311279e-01
2.670601308345794678e-01
