1.524248123168945312e+00
1.622751116752624512e+00
1.398743629455566406e+00
1.429321050643920898e+00
1.361033082008361816e+00
1.502475261688232422e+00
1.526170849800109863e+00
1.537176251411437988e+00
1.497025132179260254e+00
1.522354960441589355e+00
1.384109616279602051e+00
1.512569665908813477e+00
1.384784817695617676e+00
1.488912940025329590e+00
1.470930933952331543e+00
1.295263051986694336e+00
1.599887251853942871e+00
1.496675848960876465e+00
1.449379682540893555e+00
1.597752928733825684e+00
1.326833724975585938e+00
1.457537293434143066e+00
1.481963753700256348e+00
1.378642797470092773e+00
1.565265893936157227e+00
1.469459414482116699e+00
1.433932423591613770e+00
1.467625856399536133e+00
1.641472220420837402e+00
1.431589722633361816e+00
1.481276750564575195e+00
1.463482975959777832e+00
1.542818069458007812e+00
1.361247539520263672e+00
1.522519230842590332e+00
1.310468554496765137e+00
1.525680065155029297e+00
1.450808644294738770e+00
1.406452775001525879e+00
1.551289081573486328e+00
1.485350370407104492e+00
1.438319921493530273e+00
1.441891551017761230e+00
1.545930385589599609e+00
1.421650886535644531e+00
1.300815343856811523e+00
1.422298789024353027e+00
1.511951684951782227e+00
1.468558311462402344e+00
1.374473452568054199e+00
1.597705245018005371e+00
1.439959645271301270e+00
1.381871223449707031e+00
1.339735865592956543e+00
1.341078519821166992e+00
1.452076196670532227e+00
1.517876744270324707e+00
1.458018064498901367e+00
1.568788647651672363e+00
1.387495756149291992e+00
1.303483963012695312e+00
1.742930531501770020e+00
1.538617968559265137e+00
1.399918675422668457e+00
1.356788516044616699e+00
1.346298575401306152e+00
1.473564028739929199e+00
1.465975522994995117e+00
1.640752315521240234e+00
1.527371644973754883e+00
1.476806759834289551e+00
1.486824870109558105e+00
1.496565222740173340e+00
1.487941980361938477e+00
1.299018502235412598e+00
1.460159897804260254e+00
1.407907366752624512e+00
1.463865876197814941e+00
1.311400890350341797e+00
1.362226128578186035e+00
1.437192082405090332e+00
1.504747986793518066e+00
1.363849997520446777e+00
1.376184463500976562e+00
1.406608700752258301e+00
1.513879895210266113e+00
1.317031502723693848e+00
1.440864205360412598e+00
1.395350575447082520e+00
1.333040475845336914e+00
1.419030547142028809e+00
1.392729163169860840e+00
1.487762331962585449e+00
1.401466369628906250e+00
1.459158420562744141e+00
1.345298290252685547e+00
1.423435330390930176e+00
1.466376185417175293e+00
1.466521978378295898e+00
1.378920316696166992e+00
1.392053365707397461e+00
1.342630982398986816e+00
1.671479344367980957e+00
1.372500896453857422e+00
1.399261713027954102e+00
1.370095252990722656e+00
1.260500192642211914e+00
1.428037166595458984e+00
1.294093489646911621e+00
1.492421746253967285e+00
1.403030753135681152e+00
1.447439670562744141e+00
1.352586627006530762e+00
1.506306648254394531e+00
1.426120877265930176e+00
1.438163757324218750e+00
1.335181593894958496e+00
1.400014996528625488e+00
1.392867922782897949e+00
1.525664210319519043e+00
1.555406093597412109e+00
1.542431235313415527e+00
1.662062883377075195e+00
1.312276124954223633e+00
1.450208544731140137e+00
1.460655450820922852e+00
1.375092506408691406e+00
1.421799659729003906e+00
1.469054698944091797e+00
1.616379857063293457e+00
1.322280764579772949e+00
1.301457047462463379e+00
1.292416334152221680e+00
1.330145955085754395e+00
1.372660517692565918e+00
1.333188176155090332e+00
1.425544142723083496e+00
1.471137285232543945e+00
1.284577131271362305e+00
1.480148911476135254e+00
1.266161561012268066e+00
1.433342814445495605e+00
1.402199625968933105e+00
1.367361426353454590e+00
1.517423868179321289e+00
1.454357504844665527e+00
1.368464469909667969e+00
1.505581736564636230e+00
1.389698624610900879e+00
1.350606918334960938e+00
1.403554797172546387e+00
1.315414786338806152e+00
1.417482614517211914e+00
1.349583864212036133e+00
1.256844401359558105e+00
1.387740969657897949e+00
1.329088926315307617e+00
1.336491107940673828e+00
1.496248006820678711e+00
1.381593942642211914e+00
1.342020392417907715e+00
1.439089059829711914e+00
1.437729358673095703e+00
1.352376580238342285e+00
1.325499415397644043e+00
1.348113656044006348e+00
1.496439456939697266e+00
1.467096209526062012e+00
1.391440629959106445e+00
1.308934330940246582e+00
1.468020796775817871e+00
1.425611376762390137e+00
1.462465882301330566e+00
1.496957659721374512e+00
1.252877831459045410e+00
1.547715663909912109e+00
1.405085563659667969e+00
1.307904839515686035e+00
1.451058149337768555e+00
1.360749602317810059e+00
1.385421752929687500e+00
1.287991642951965332e+00
1.364655256271362305e+00
1.349880695343017578e+00
1.313225269317626953e+00
1.289412617683410645e+00
1.288348197937011719e+00
1.616581320762634277e+00
1.423562288284301758e+00
1.444893479347229004e+00
1.356850624084472656e+00
1.395957112312316895e+00
1.378403902053833008e+00
1.468244433403015137e+00
1.445466995239257812e+00
1.431277513504028320e+00
1.370599746704101562e+00
1.557473659515380859e+00
1.449845194816589355e+00
1.461038827896118164e+00
1.316142201423645020e+00
1.373767256736755371e+00
1.526856660842895508e+00
1.397323131561279297e+00
1.439549803733825684e+00
1.393675804138183594e+00
1.306384086608886719e+00
1.296164631843566895e+00
1.581874251365661621e+00
1.469770312309265137e+00
1.440909624099731445e+00
1.344946146011352539e+00
1.302021980285644531e+00
1.352581977844238281e+00
1.545760512351989746e+00
1.470946788787841797e+00
1.360703706741333008e+00
1.342133998870849609e+00
1.367288589477539062e+00
1.437863349914550781e+00
1.370051145553588867e+00
1.333661794662475586e+00
1.263426780700683594e+00
1.282521247863769531e+00
1.354537606239318848e+00
1.330660462379455566e+00
1.516051650047302246e+00
1.312440037727355957e+00
1.292333960533142090e+00
1.591111183166503906e+00
1.489075660705566406e+00
1.360738754272460938e+00
1.285515546798706055e+00
1.496810555458068848e+00
1.269978404045104980e+00
1.366839647293090820e+00
1.543146252632141113e+00
1.522828578948974609e+00
1.380741000175476074e+00
1.389497160911560059e+00
1.399257183074951172e+00
1.330930709838867188e+00
1.439113020896911621e+00
1.372158765792846680e+00
1.347480416297912598e+00
1.285350561141967773e+00
1.281821250915527344e+00
1.406316399574279785e+00
1.557016372680664062e+00
1.520601987838745117e+00
1.255625963211059570e+00
1.506921172142028809e+00
1.279478192329406738e+00
1.343970894813537598e+00
1.438947796821594238e+00
1.446482539176940918e+00
1.374004840850830078e+00
1.405098676681518555e+00
1.260183691978454590e+00
1.468119859695434570e+00
1.375980615615844727e+00
1.373621940612792969e+00
1.423881649971008301e+00
1.305890321731567383e+00
1.305820941925048828e+00
1.350386977195739746e+00
1.347800493240356445e+00
1.371976971626281738e+00
1.438436985015869141e+00
1.533970117568969727e+00
1.465575814247131348e+00
1.474423050880432129e+00
1.309107899665832520e+00
1.237752199172973633e+00
1.360056400299072266e+00
1.476783394813537598e+00
1.427300214767456055e+00
1.428396701812744141e+00
1.507178306579589844e+00
1.385280251502990723e+00
1.459474921226501465e+00
1.491929411888122559e+00
1.399880409240722656e+00
1.333497405052185059e+00
1.288513541221618652e+00
1.409796714782714844e+00
1.454080939292907715e+00
1.278777718544006348e+00
1.349907159805297852e+00
1.240259289741516113e+00
1.289396524429321289e+00
1.448073029518127441e+00
1.565732717514038086e+00
1.319610238075256348e+00
1.377434492111206055e+00
1.416825175285339355e+00
1.420964837074279785e+00
1.300230383872985840e+00
1.360743165016174316e+00
1.331050157546997070e+00
1.407084822654724121e+00
1.320975899696350098e+00
1.416763782501220703e+00
1.344289898872375488e+00
1.248967409133911133e+00
1.265303969383239746e+00
1.402973055839538574e+00
1.360082507133483887e+00
1.293362855911254883e+00
1.333569169044494629e+00
1.361153602600097656e+00
1.419882655143737793e+00
1.316534042358398438e+00
1.411511659622192383e+00
1.434211373329162598e+00
1.354990243911743164e+00
1.347590565681457520e+00
1.440063595771789551e+00
1.378595352172851562e+00
1.342645645141601562e+00
1.318534731864929199e+00
1.333013653755187988e+00
1.290464162826538086e+00
1.339724302291870117e+00
1.353541851043701172e+00
1.473357915878295898e+00
1.498473167419433594e+00
1.381587266921997070e+00
1.337472081184387207e+00
1.380830764770507812e+00
1.392793893814086914e+00
1.373672604560852051e+00
1.316912412643432617e+00
1.464346647262573242e+00
1.309407830238342285e+00
1.325581789016723633e+00
1.274392247200012207e+00
1.326739907264709473e+00
1.512548923492431641e+00
1.520002841949462891e+00
1.458137154579162598e+00
1.255815148353576660e+00
1.465256094932556152e+00
1.335942506790161133e+00
1.281156778335571289e+00
1.417943120002746582e+00
1.398235321044921875e+00
1.414649724960327148e+00
1.300155997276306152e+00
1.347843766212463379e+00
1.436916828155517578e+00
1.563311457633972168e+00
1.417993903160095215e+00
1.302645325660705566e+00
1.362211823463439941e+00
1.305379390716552734e+00
1.475854396820068359e+00
1.370258688926696777e+00
1.372640967369079590e+00
1.294669747352600098e+00
1.382046699523925781e+00
1.373159170150756836e+00
1.411166787147521973e+00
1.487470984458923340e+00
1.421598792076110840e+00
1.393353223800659180e+00
1.458413720130920410e+00
1.439851760864257812e+00
1.262619733810424805e+00
1.403215289115905762e+00
1.316212892532348633e+00
1.367693424224853516e+00
1.359478473663330078e+00
1.194443106651306152e+00
1.501135706901550293e+00
1.253989577293395996e+00
1.294081568717956543e+00
1.394378542900085449e+00
1.312680244445800781e+00
1.340891003608703613e+00
1.309728145599365234e+00
1.368967175483703613e+00
1.335474133491516113e+00
1.500545859336853027e+00
1.370781540870666504e+00
1.434113502502441406e+00
1.449686050415039062e+00
1.325302720069885254e+00
1.377494573593139648e+00
1.388515830039978027e+00
1.324041128158569336e+00
1.257975459098815918e+00
1.376520991325378418e+00
1.246890783309936523e+00
1.412622570991516113e+00
1.359878540039062500e+00
1.283047080039978027e+00
1.361815571784973145e+00
1.251905798912048340e+00
1.332693338394165039e+00
1.373067498207092285e+00
1.375438809394836426e+00
1.350035071372985840e+00
1.281971454620361328e+00
1.515319108963012695e+00
1.357820630073547363e+00
1.343281865119934082e+00
1.395475983619689941e+00
1.299327015876770020e+00
1.272278547286987305e+00
1.355610728263854980e+00
1.449258327484130859e+00
1.254170298576354980e+00
1.394978642463684082e+00
1.266361713409423828e+00
1.400390625000000000e+00
1.368184089660644531e+00
1.515162706375122070e+00
1.306561350822448730e+00
1.384106636047363281e+00
1.370008707046508789e+00
1.318512082099914551e+00
1.332715392112731934e+00
1.401255011558532715e+00
1.263662934303283691e+00
1.350118398666381836e+00
1.345944762229919434e+00
1.286810636520385742e+00
1.239266276359558105e+00
1.313145995140075684e+00
1.368008971214294434e+00
1.276535391807556152e+00
1.373046278953552246e+00
1.327858328819274902e+00
1.374060988426208496e+00
1.468863010406494141e+00
1.376157045364379883e+00
1.318495988845825195e+00
1.262271881103515625e+00
1.573887348175048828e+00
1.317376255989074707e+00
1.283894538879394531e+00
1.232226252555847168e+00
1.455649375915527344e+00
1.343616008758544922e+00
1.447005271911621094e+00
1.355487942695617676e+00
1.290860414505004883e+00
1.337692141532897949e+00
1.241962671279907227e+00
1.468881607055664062e+00
1.314487218856811523e+00
1.283007383346557617e+00
1.401313543319702148e+00
1.246712327003479004e+00
1.469108223915100098e+00
1.229614377021789551e+00
1.345578312873840332e+00
1.531800031661987305e+00
1.273875117301940918e+00
1.260262966156005859e+00
1.403197884559631348e+00
1.285763502120971680e+00
1.330185651779174805e+00
1.430558681488037109e+00
1.386114239692687988e+00
1.243504047393798828e+00
1.297641038894653320e+00
1.384539723396301270e+00
1.270010232925415039e+00
1.322580575942993164e+00
1.271232485771179199e+00
1.328907728195190430e+00
1.343259572982788086e+00
1.288888931274414062e+00
1.291149854660034180e+00
1.248634696006774902e+00
1.306495428085327148e+00
1.263140082359313965e+00
1.387510538101196289e+00
1.392160415649414062e+00
1.317474842071533203e+00
1.293509602546691895e+00
1.499828577041625977e+00
1.293249487876892090e+00
1.381807088851928711e+00
1.343571424484252930e+00
1.369220495223999023e+00
1.337512612342834473e+00
1.269079685211181641e+00
1.402850389480590820e+00
1.456987142562866211e+00
1.397621870040893555e+00
1.259336948394775391e+00
1.242499351501464844e+00
1.383799076080322266e+00
1.246107935905456543e+00
1.287185072898864746e+00
1.240056157112121582e+00
1.345096468925476074e+00
1.240285873413085938e+00
1.220143198966979980e+00
1.325863480567932129e+00
1.360656857490539551e+00
1.252907156944274902e+00
1.255462527275085449e+00
1.338698506355285645e+00
1.345209598541259766e+00
1.312227487564086914e+00
1.275786280632019043e+00
1.307047963142395020e+00
1.319685220718383789e+00
1.355152726173400879e+00
1.418610453605651855e+00
1.327791452407836914e+00
1.210068225860595703e+00
1.223998665809631348e+00
1.322712302207946777e+00
1.363252043724060059e+00
1.382570028305053711e+00
1.378049492835998535e+00
1.267638206481933594e+00
1.213099718093872070e+00
1.305296301841735840e+00
1.493509769439697266e+00
1.320498108863830566e+00
1.502248406410217285e+00
1.254774928092956543e+00
1.291919112205505371e+00
1.332083106040954590e+00
1.318228840827941895e+00
1.319513440132141113e+00
1.268142104148864746e+00
1.273107290267944336e+00
1.311697363853454590e+00
1.375734567642211914e+00
1.326843500137329102e+00
1.329212546348571777e+00
1.233739972114562988e+00
1.316258311271667480e+00
1.416268706321716309e+00
1.382261037826538086e+00
1.358860969543457031e+00
1.356143712997436523e+00
1.404224276542663574e+00
1.284525036811828613e+00
1.312601447105407715e+00
1.304811239242553711e+00
1.290550589561462402e+00
1.217561841011047363e+00
1.278283953666687012e+00
1.353013277053833008e+00
1.263889551162719727e+00
1.379803657531738281e+00
1.274841785430908203e+00
1.458859801292419434e+00
1.273562312126159668e+00
1.312911987304687500e+00
1.420712828636169434e+00
1.266407847404479980e+00
1.390712261199951172e+00
1.249368429183959961e+00
1.287976264953613281e+00
1.265509128570556641e+00
1.231337666511535645e+00
1.297668099403381348e+00
1.326671719551086426e+00
1.194080352783203125e+00
1.286612033843994141e+00
1.363277077674865723e+00
1.336505770683288574e+00
1.424186348915100098e+00
1.395340681076049805e+00
1.355539917945861816e+00
1.330266356468200684e+00
1.295054793357849121e+00
1.222469925880432129e+00
1.233536601066589355e+00
1.255645751953125000e+00
1.292711853981018066e+00
1.274459719657897949e+00
1.349923014640808105e+00
1.388540387153625488e+00
1.421869993209838867e+00
1.394867777824401855e+00
1.361327886581420898e+00
1.341219902038574219e+00
1.274782299995422363e+00
1.300908088684082031e+00
1.303561568260192871e+00
1.287568330764770508e+00
1.299885988235473633e+00
1.264450907707214355e+00
1.271123290061950684e+00
1.363907814025878906e+00
1.311105251312255859e+00
1.365039229393005371e+00
1.275596380233764648e+00
1.248212933540344238e+00
1.250041365623474121e+00
1.291092157363891602e+00
1.243852257728576660e+00
1.289775729179382324e+00
1.359978437423706055e+00
1.333661317825317383e+00
1.209375381469726562e+00
1.373714089393615723e+00
1.408091545104980469e+00
1.308791041374206543e+00
1.268978357315063477e+00
1.264978885650634766e+00
1.312612175941467285e+00
1.298072814941406250e+00
1.346019268035888672e+00
1.327209830284118652e+00
1.324761629104614258e+00
1.460549473762512207e+00
1.253370404243469238e+00
1.273287892341613770e+00
1.348848462104797363e+00
1.311500430107116699e+00
1.290568113327026367e+00
1.412442326545715332e+00
1.353275775909423828e+00
1.317472219467163086e+00
1.275155305862426758e+00
1.259503483772277832e+00
1.366272926330566406e+00
1.242237567901611328e+00
1.389773845672607422e+00
1.254598736763000488e+00
1.319672584533691406e+00
1.314972162246704102e+00
1.305015087127685547e+00
1.223380088806152344e+00
1.369484424591064453e+00
1.279433131217956543e+00
1.321580529212951660e+00
1.237140774726867676e+00
1.261338949203491211e+00
1.230065345764160156e+00
1.346059799194335938e+00
1.269195079803466797e+00
1.271367073059082031e+00
1.291380643844604492e+00
1.453805804252624512e+00
1.328279972076416016e+00
1.299880146980285645e+00
1.255620956420898438e+00
1.310180664062500000e+00
1.424698591232299805e+00
1.405979275703430176e+00
1.242832899093627930e+00
1.231707692146301270e+00
1.348432540893554688e+00
1.284562349319458008e+00
1.267710447311401367e+00
1.313695549964904785e+00
1.376808285713195801e+00
1.258144021034240723e+00
1.327854633331298828e+00
1.326193332672119141e+00
1.479727745056152344e+00
1.246724128723144531e+00
1.308217644691467285e+00
1.277801394462585449e+00
1.425720334053039551e+00
1.337921142578125000e+00
1.280471920967102051e+00
1.266742706298828125e+00
1.308888792991638184e+00
1.265000224113464355e+00
1.244585990905761719e+00
1.320339322090148926e+00
1.439480662345886230e+00
1.265406012535095215e+00
1.296015024185180664e+00
1.426919102668762207e+00
1.329506754875183105e+00
1.290659785270690918e+00
1.298927426338195801e+00
1.284123063087463379e+00
1.335041165351867676e+00
1.254173517227172852e+00
1.372034668922424316e+00
1.270527601242065430e+00
1.314391851425170898e+00
1.270543217658996582e+00
1.241886615753173828e+00
1.327403545379638672e+00
1.254080057144165039e+00
1.272342562675476074e+00
1.283355712890625000e+00
1.205830335617065430e+00
1.249630093574523926e+00
1.333923697471618652e+00
1.258914589881896973e+00
1.298246264457702637e+00
1.313379526138305664e+00
1.510960578918457031e+00
1.234537959098815918e+00
1.252830505371093750e+00
1.317051172256469727e+00
1.282778978347778320e+00
1.234322309494018555e+00
1.339581966400146484e+00
1.290038824081420898e+00
1.330656409263610840e+00
1.275387525558471680e+00
1.280931711196899414e+00
1.221227049827575684e+00
1.409777283668518066e+00
1.245380163192749023e+00
1.336685419082641602e+00
1.364752292633056641e+00
1.322296500205993652e+00
1.163129448890686035e+00
1.250849604606628418e+00
1.292367696762084961e+00
1.311273097991943359e+00
1.208065509796142578e+00
1.288895726203918457e+00
1.199702143669128418e+00
1.325017690658569336e+00
1.275043964385986328e+00
1.248681902885437012e+00
1.346702456474304199e+00
1.345795869827270508e+00
1.295663475990295410e+00
1.230664253234863281e+00
1.311408162117004395e+00
1.178918004035949707e+00
1.229824066162109375e+00
1.300404787063598633e+00
1.216714262962341309e+00
1.252104520797729492e+00
1.355312108993530273e+00
1.361613392829895020e+00
1.370456814765930176e+00
1.378670334815979004e+00
1.407317519187927246e+00
1.251851677894592285e+00
1.336281657218933105e+00
1.335535645484924316e+00
1.321952104568481445e+00
1.334645390510559082e+00
1.274176001548767090e+00
1.210745096206665039e+00
1.219915747642517090e+00
1.175878047943115234e+00
1.285762429237365723e+00
1.374024391174316406e+00
1.287778615951538086e+00
1.418346405029296875e+00
1.403021812438964844e+00
1.294391870498657227e+00
1.197195410728454590e+00
1.279106974601745605e+00
1.277449846267700195e+00
1.322802543640136719e+00
1.303134083747863770e+00
1.362195730209350586e+00
1.294935584068298340e+00
1.322124481201171875e+00
1.327644228935241699e+00
1.300989389419555664e+00
1.289595246315002441e+00
1.237945556640625000e+00
1.200401663780212402e+00
1.387692213058471680e+00
1.266448140144348145e+00
1.263276338577270508e+00
1.368183255195617676e+00
1.273941040039062500e+00
1.298528075218200684e+00
1.298144459724426270e+00
1.369556069374084473e+00
1.223638772964477539e+00
1.278529405593872070e+00
1.467564225196838379e+00
1.321465969085693359e+00
1.271244764328002930e+00
1.238563537597656250e+00
1.316605210304260254e+00
1.312748074531555176e+00
1.302466392517089844e+00
1.242022156715393066e+00
1.231596112251281738e+00
1.274732470512390137e+00
1.329255223274230957e+00
1.204834103584289551e+00
1.408872485160827637e+00
1.214388251304626465e+00
1.223895430564880371e+00
1.390670537948608398e+00
1.441051363945007324e+00
1.296474695205688477e+00
1.237366795539855957e+00
1.436554908752441406e+00
1.216974973678588867e+00
1.214106559753417969e+00
1.275551319122314453e+00
1.253419637680053711e+00
1.287795543670654297e+00
1.300348997116088867e+00
1.278102874755859375e+00
1.310973882675170898e+00
1.304077148437500000e+00
1.233943343162536621e+00
1.287143468856811523e+00
1.436922907829284668e+00
1.267640352249145508e+00
1.309194445610046387e+00
1.290457367897033691e+00
1.247800469398498535e+00
1.357266783714294434e+00
1.207310199737548828e+00
1.350647330284118652e+00
1.342132568359375000e+00
1.282865881919860840e+00
1.257193922996520996e+00
1.332329869270324707e+00
1.187489271163940430e+00
1.504711508750915527e+00
1.241734862327575684e+00
1.280556559562683105e+00
1.232696056365966797e+00
1.359905004501342773e+00
1.174183487892150879e+00
1.318578481674194336e+00
1.285597562789916992e+00
1.300562381744384766e+00
1.226288318634033203e+00
1.290794491767883301e+00
1.241844415664672852e+00
1.299338459968566895e+00
1.304676890373229980e+00
1.191962122917175293e+00
1.249650359153747559e+00
1.376911520957946777e+00
1.185344696044921875e+00
1.368193387985229492e+00
1.250937581062316895e+00
1.239060640335083008e+00
1.224798560142517090e+00
1.343194246292114258e+00
1.239763259887695312e+00
1.324480175971984863e+00
1.301379799842834473e+00
1.335255384445190430e+00
1.414454936981201172e+00
1.210628390312194824e+00
1.282909274101257324e+00
1.229380488395690918e+00
1.252018690109252930e+00
1.262669205665588379e+00
1.201023936271667480e+00
1.252334833145141602e+00
1.162436485290527344e+00
1.230691432952880859e+00
1.308764934539794922e+00
1.282039642333984375e+00
1.233300447463989258e+00
1.238115668296813965e+00
1.193245530128479004e+00
1.252602696418762207e+00
1.310076355934143066e+00
1.275982022285461426e+00
1.315192222595214844e+00
1.220535159111022949e+00
1.296713232994079590e+00
1.184174418449401855e+00
1.272743940353393555e+00
1.349098801612854004e+00
1.372193455696105957e+00
1.275762319564819336e+00
1.322256326675415039e+00
1.242995619773864746e+00
1.302786707878112793e+00
1.326470494270324707e+00
1.427603960037231445e+00
1.206377148628234863e+00
1.374254941940307617e+00
1.302942752838134766e+00
1.253168344497680664e+00
1.189894437789916992e+00
1.202538609504699707e+00
1.263732075691223145e+00
1.292569160461425781e+00
1.264262437820434570e+00
1.223116278648376465e+00
1.283032774925231934e+00
1.368852376937866211e+00
1.250009417533874512e+00
1.230910181999206543e+00
1.387396931648254395e+00
1.279892086982727051e+00
1.324084043502807617e+00
1.249250769615173340e+00
1.306819915771484375e+00
1.252020716667175293e+00
1.326273202896118164e+00
1.236171007156372070e+00
1.272718548774719238e+00
1.267586231231689453e+00
1.243604898452758789e+00
1.339414715766906738e+00
1.257866263389587402e+00
1.295093774795532227e+00
1.235283374786376953e+00
1.366111159324645996e+00
1.255043745040893555e+00
1.208855509757995605e+00
1.305765986442565918e+00
1.303342342376708984e+00
1.328740596771240234e+00
1.205641269683837891e+00
1.380872368812561035e+00
1.298213839530944824e+00
1.295350432395935059e+00
1.243402719497680664e+00
1.236002326011657715e+00
1.235058665275573730e+00
1.190487742424011230e+00
1.324283838272094727e+00
1.236265420913696289e+00
1.187734007835388184e+00
1.330043792724609375e+00
1.382397413253784180e+00
1.261854290962219238e+00
1.206048011779785156e+00
1.256209135055541992e+00
1.312629222869873047e+00
1.215089917182922363e+00
1.188927769660949707e+00
1.329718351364135742e+00
1.288649916648864746e+00
1.215344309806823730e+00
1.220490574836730957e+00
1.205845475196838379e+00
1.273150920867919922e+00
1.265205144882202148e+00
1.444484114646911621e+00
1.322288632392883301e+00
1.321420073509216309e+00
1.359742522239685059e+00
1.190250515937805176e+00
1.267575025558471680e+00
1.229981899261474609e+00
1.204129099845886230e+00
1.188588738441467285e+00
1.303466439247131348e+00
1.241087913513183594e+00
1.341120243072509766e+00
1.271196126937866211e+00
1.208213090896606445e+00
1.316582441329956055e+00
1.305560588836669922e+00
1.314132213592529297e+00
1.324799776077270508e+00
1.171102762222290039e+00
1.256114006042480469e+00
1.260784745216369629e+00
1.225786328315734863e+00
1.226204752922058105e+00
1.261115670204162598e+00
1.238625168800354004e+00
1.450368642807006836e+00
1.289173603057861328e+00
1.275322318077087402e+00
1.232715964317321777e+00
1.291145205497741699e+00
1.342139840126037598e+00
1.197779893875122070e+00
1.242931127548217773e+00
1.296289920806884766e+00
1.357807159423828125e+00
1.250826120376586914e+00
1.244944453239440918e+00
1.317750334739685059e+00
1.223716974258422852e+00
1.223449587821960449e+00
1.235723137855529785e+00
1.251325607299804688e+00
1.257653951644897461e+00
1.225184798240661621e+00
1.266743540763854980e+00
1.235779881477355957e+00
1.241938829421997070e+00
1.317190527915954590e+00
1.219660997390747070e+00
1.246649622917175293e+00
1.298031449317932129e+00
1.321540951728820801e+00
1.298895239830017090e+00
1.229497194290161133e+00
1.353776454925537109e+00
1.210313200950622559e+00
1.341382026672363281e+00
1.308605551719665527e+00
1.210078597068786621e+00
1.306604743003845215e+00
1.317819595336914062e+00
1.247647404670715332e+00
1.236396551132202148e+00
1.299545764923095703e+00
1.261452794075012207e+00
1.280469894409179688e+00
1.313878059387207031e+00
1.223132729530334473e+00
1.228949666023254395e+00
1.409406781196594238e+00
1.275400757789611816e+00
1.307678103446960449e+00
1.265620350837707520e+00
1.219742059707641602e+00
1.310525536537170410e+00
1.193071961402893066e+00
1.343151926994323730e+00
1.193385720252990723e+00
1.197392582893371582e+00
1.217001199722290039e+00
1.236554861068725586e+00
1.173095345497131348e+00
1.303208470344543457e+00
1.268295884132385254e+00
1.218417644500732422e+00
1.376349925994873047e+00
1.217370748519897461e+00
1.283618688583374023e+00
1.294347763061523438e+00
1.285520792007446289e+00
1.216229438781738281e+00
1.278221130371093750e+00
1.231485724449157715e+00
1.274387121200561523e+00
1.306322693824768066e+00
1.150951623916625977e+00
1.223286509513854980e+00
1.263656616210937500e+00
1.198239445686340332e+00
1.245946168899536133e+00
1.189621210098266602e+00
1.258084416389465332e+00
1.235992193222045898e+00
1.219156265258789062e+00
1.290970444679260254e+00
1.325415372848510742e+00
1.205275654792785645e+00
1.204074263572692871e+00
1.303014278411865234e+00
1.247397541999816895e+00
1.278842449188232422e+00
1.318489551544189453e+00
1.290582656860351562e+00
1.281456708908081055e+00
1.157538056373596191e+00
1.249065756797790527e+00
1.235543727874755859e+00
1.158943414688110352e+00
1.232841730117797852e+00
1.294612288475036621e+00
1.202787280082702637e+00
1.195003271102905273e+00
1.326696872711181641e+00
1.341379165649414062e+00
1.350695967674255371e+00
1.214573502540588379e+00
1.275479078292846680e+00
1.243946433067321777e+00
1.212594509124755859e+00
1.259320616722106934e+00
1.239201068878173828e+00
1.346812725067138672e+00
1.197496652603149414e+00
1.342075228691101074e+00
1.233564734458923340e+00
1.185292720794677734e+00
1.338183879852294922e+00
1.265332698822021484e+00
1.322058081626892090e+00
1.311443448066711426e+00
1.236865997314453125e+00
1.220127463340759277e+00
1.331209421157836914e+00
1.228017449378967285e+00
1.232452630996704102e+00
1.311638951301574707e+00
1.210167884826660156e+00
1.176848769187927246e+00
1.241450190544128418e+00
1.185063838958740234e+00
1.380031704902648926e+00
1.229394674301147461e+00
1.204224824905395508e+00
1.236412286758422852e+00
1.264081597328186035e+00
1.222066164016723633e+00
1.242491364479064941e+00
1.301321983337402344e+00
1.254031062126159668e+00
1.355951905250549316e+00
1.349027991294860840e+00
1.207304954528808594e+00
1.192064642906188965e+00
1.213133811950683594e+00
1.259093165397644043e+00
1.218993306159973145e+00
1.232694506645202637e+00
1.223185777664184570e+00
1.160256624221801758e+00
1.212704658508300781e+00
1.293366193771362305e+00
1.214803695678710938e+00
1.209088921546936035e+00
1.339283347129821777e+00
1.244677066802978516e+00
1.320706367492675781e+00
1.295682311058044434e+00
1.209837794303894043e+00
1.242836594581604004e+00
1.303432822227478027e+00
1.244433164596557617e+00
1.171096086502075195e+00
1.282678842544555664e+00
1.236611485481262207e+00
1.187624335289001465e+00
1.308125853538513184e+00
1.268937706947326660e+00
1.261429309844970703e+00
1.202962517738342285e+00
1.244145035743713379e+00
1.316712141036987305e+00
1.203965663909912109e+00
1.201768517494201660e+00
1.336097478866577148e+00
1.263451457023620605e+00
1.269499301910400391e+00
1.214928030967712402e+00
1.293221473693847656e+00
1.270798921585083008e+00
1.303420066833496094e+00
1.249047994613647461e+00
1.263920783996582031e+00
1.282924652099609375e+00
1.272646427154541016e+00
1.168511986732482910e+00
1.241377592086791992e+00
1.255524635314941406e+00
1.237260699272155762e+00
1.276093363761901855e+00
1.267190933227539062e+00
1.318369388580322266e+00
1.207589030265808105e+00
1.218956708908081055e+00
1.153304338455200195e+00
1.339874863624572754e+00
1.327961087226867676e+00
1.180867552757263184e+00
1.192178010940551758e+00
1.223337411880493164e+00
1.196962237358093262e+00
1.249405026435852051e+00
1.295277357101440430e+00
1.268486857414245605e+00
1.212571144104003906e+00
1.230127334594726562e+00
1.233132243156433105e+00
1.239338994026184082e+00
1.308810353279113770e+00
1.256394863128662109e+00
1.179090142250061035e+00
1.142873167991638184e+00
1.173112630844116211e+00
1.248919010162353516e+00
1.230061173439025879e+00
1.329538822174072266e+00
1.237259626388549805e+00
1.217903733253479004e+00
1.293142437934875488e+00
1.260357141494750977e+00
1.231787323951721191e+00
1.341558694839477539e+00
1.226014733314514160e+00
1.224207758903503418e+00
1.236282825469970703e+00
1.339059352874755859e+00
1.260259389877319336e+00
1.221112370491027832e+00
1.215477108955383301e+00
1.246351003646850586e+00
1.208674669265747070e+00
1.230691432952880859e+00
1.198473215103149414e+00
1.225603222846984863e+00
1.189255356788635254e+00
1.345030665397644043e+00
1.265098571777343750e+00
1.308946490287780762e+00
1.290573477745056152e+00
1.207134723663330078e+00
1.393755197525024414e+00
1.229950785636901855e+00
1.209964871406555176e+00
1.230078935623168945e+00
1.306102156639099121e+00
1.214018464088439941e+00
1.245255947113037109e+00
1.266695618629455566e+00
1.265237450599670410e+00
1.160719752311706543e+00
1.350887775421142578e+00
1.288220167160034180e+00
1.221756935119628906e+00
1.251341462135314941e+00
1.246141910552978516e+00
1.332416415214538574e+00
1.269021153450012207e+00
1.247044801712036133e+00
1.196075201034545898e+00
1.193414568901062012e+00
1.341943383216857910e+00
1.246875882148742676e+00
1.182821512222290039e+00
1.171920299530029297e+00
1.225943088531494141e+00
1.346102952957153320e+00
1.201054096221923828e+00
1.190262198448181152e+00
1.280633330345153809e+00
1.211187839508056641e+00
1.169889450073242188e+00
1.237607121467590332e+00
1.257429122924804688e+00
1.247007131576538086e+00
1.355312228202819824e+00
1.215646028518676758e+00
1.192688465118408203e+00
1.350939154624938965e+00
1.288110375404357910e+00
1.311976909637451172e+00
1.260693073272705078e+00
1.246016263961791992e+00
1.245536208152770996e+00
1.376205682754516602e+00
1.322950482368469238e+00
1.265653133392333984e+00
1.207307934761047363e+00
1.249915003776550293e+00
1.170434117317199707e+00
1.171408176422119141e+00
1.175077438354492188e+00
1.362357735633850098e+00
1.279088497161865234e+00
1.315137863159179688e+00
1.192738533020019531e+00
1.199896693229675293e+00
1.243979096412658691e+00
1.183283329010009766e+00
1.258718013763427734e+00
1.254554986953735352e+00
1.283800959587097168e+00
1.230841159820556641e+00
1.222159743309020996e+00
1.191789984703063965e+00
1.286735296249389648e+00
1.320781588554382324e+00
1.181270599365234375e+00
1.254816532135009766e+00
1.214570045471191406e+00
1.263129353523254395e+00
1.229497075080871582e+00
1.228544354438781738e+00
1.269837617874145508e+00
1.240493893623352051e+00
1.191282749176025391e+00
1.205975770950317383e+00
1.223164916038513184e+00
1.214207291603088379e+00
1.207568526268005371e+00
1.170166254043579102e+00
1.211536765098571777e+00
1.280149936676025391e+00
1.206952333450317383e+00
1.186890244483947754e+00
1.190237164497375488e+00
1.269086241722106934e+00
1.263567328453063965e+00
1.243042230606079102e+00
1.224652171134948730e+00
1.206065654754638672e+00
1.311525940895080566e+00
1.198920965194702148e+00
1.165871024131774902e+00
1.310531377792358398e+00
1.194439053535461426e+00
1.191471815109252930e+00
1.375981092453002930e+00
1.333972454071044922e+00
1.211876988410949707e+00
1.199232459068298340e+00
1.313144445419311523e+00
1.280927538871765137e+00
1.238403320312500000e+00
1.245897173881530762e+00
1.237398505210876465e+00
1.244700789451599121e+00
1.244931697845458984e+00
1.292420268058776855e+00
1.210091352462768555e+00
1.270203471183776855e+00
1.223117113113403320e+00
1.232640624046325684e+00
1.238161444664001465e+00
1.312458276748657227e+00
1.451890468597412109e+00
1.205142736434936523e+00
1.225197553634643555e+00
1.218097209930419922e+00
1.132296442985534668e+00
1.242469429969787598e+00
1.231186628341674805e+00
1.293762087821960449e+00
1.196590065956115723e+00
1.303265213966369629e+00
1.368239164352416992e+00
1.270275115966796875e+00
1.222905278205871582e+00
1.284120678901672363e+00
1.215602397918701172e+00
1.270359396934509277e+00
1.328687906265258789e+00
1.212377309799194336e+00
1.305771350860595703e+00
1.215110182762145996e+00
1.252253413200378418e+00
1.234481573104858398e+00
1.210742831230163574e+00
1.253669977188110352e+00
1.210707902908325195e+00
1.232218861579895020e+00
1.262830853462219238e+00
1.272882580757141113e+00
1.283226013183593750e+00
1.226076364517211914e+00
1.215480327606201172e+00
1.258964180946350098e+00
1.225773334503173828e+00
1.241962075233459473e+00
1.251061081886291504e+00
1.235841393470764160e+00
1.217538237571716309e+00
1.296062469482421875e+00
1.277393817901611328e+00
1.148090004920959473e+00
1.241649746894836426e+00
1.251714587211608887e+00
1.213799595832824707e+00
1.162585258483886719e+00
1.212028264999389648e+00
1.193469166755676270e+00
1.225826025009155273e+00
1.228524446487426758e+00
1.266442775726318359e+00
1.268841028213500977e+00
1.190043568611145020e+00
1.302357196807861328e+00
1.328944087028503418e+00
1.206926822662353516e+00
1.252882480621337891e+00
1.278149724006652832e+00
1.299545764923095703e+00
1.243959188461303711e+00
1.242130279541015625e+00
1.238869547843933105e+00
1.225198507308959961e+00
1.366013050079345703e+00
1.197303295135498047e+00
1.285434603691101074e+00
1.195564746856689453e+00
1.249788522720336914e+00
1.244607448577880859e+00
1.257672786712646484e+00
1.211736559867858887e+00
1.168030977249145508e+00
1.197795867919921875e+00
1.210118651390075684e+00
1.166227340698242188e+00
1.292995691299438477e+00
1.203403830528259277e+00
1.248875737190246582e+00
1.258501410484313965e+00
1.180366277694702148e+00
1.296767830848693848e+00
1.265605330467224121e+00
1.190379858016967773e+00
1.285099267959594727e+00
1.257321596145629883e+00
1.226004719734191895e+00
1.170309662818908691e+00
1.225547909736633301e+00
1.228965640068054199e+00
1.298329830169677734e+00
1.284038066864013672e+00
1.223900079727172852e+00
1.304321527481079102e+00
1.298291921615600586e+00
1.299512982368469238e+00
1.282425284385681152e+00
1.274873256683349609e+00
1.159669518470764160e+00
1.200346469879150391e+00
1.199466347694396973e+00
1.204286813735961914e+00
1.261255741119384766e+00
1.198297500610351562e+00
1.253409385681152344e+00
1.229757905006408691e+00
1.239368677139282227e+00
1.184330701828002930e+00
1.213222026824951172e+00
1.183711409568786621e+00
1.174918889999389648e+00
1.225417017936706543e+00
1.163559436798095703e+00
1.335842847824096680e+00
1.198618531227111816e+00
1.334862828254699707e+00
1.185906291007995605e+00
1.224790453910827637e+00
1.198215723037719727e+00
1.244925975799560547e+00
1.235727548599243164e+00
1.334037303924560547e+00
1.309445977210998535e+00
1.252327799797058105e+00
1.278025031089782715e+00
1.278991699218750000e+00
1.213657021522521973e+00
1.239379644393920898e+00
1.231996178627014160e+00
1.216298341751098633e+00
1.237646102905273438e+00
1.208267092704772949e+00
1.282984733581542969e+00
1.191917419433593750e+00
1.235335230827331543e+00
1.214041948318481445e+00
1.198147416114807129e+00
1.243723154067993164e+00
1.155143737792968750e+00
1.249683737754821777e+00
1.274446368217468262e+00
1.195774078369140625e+00
1.202884793281555176e+00
1.153281807899475098e+00
1.248152613639831543e+00
1.309168577194213867e+00
1.232890129089355469e+00
1.197549462318420410e+00
1.232849001884460449e+00
1.204371690750122070e+00
1.302592396736145020e+00
1.205637454986572266e+00
1.177762031555175781e+00
1.171390652656555176e+00
1.278961658477783203e+00
1.193196415901184082e+00
1.255339384078979492e+00
1.230874300003051758e+00
1.192140460014343262e+00
1.235141396522521973e+00
1.246961712837219238e+00
1.352416276931762695e+00
1.201205968856811523e+00
1.186650276184082031e+00
1.245177507400512695e+00
1.253973007202148438e+00
1.304482579231262207e+00
1.238761067390441895e+00
1.263717770576477051e+00
1.280706763267517090e+00
1.238666534423828125e+00
1.235741972923278809e+00
1.225394487380981445e+00
1.186055541038513184e+00
1.226305127143859863e+00
1.275834202766418457e+00
1.232416391372680664e+00
1.223324537277221680e+00
1.340369462966918945e+00
1.288505673408508301e+00
1.251333355903625488e+00
1.221277117729187012e+00
1.204065322875976562e+00
1.157518386840820312e+00
1.243198633193969727e+00
1.215786695480346680e+00
1.290977597236633301e+00
1.238695502281188965e+00
1.268685221672058105e+00
1.233037710189819336e+00
1.258572816848754883e+00
1.301108717918395996e+00
1.206522464752197266e+00
1.339336633682250977e+00
1.212015151977539062e+00
1.196873426437377930e+00
1.202849507331848145e+00
1.209934592247009277e+00
1.194451808929443359e+00
1.181913375854492188e+00
1.253155589103698730e+00
1.227470397949218750e+00
1.193767428398132324e+00
1.255684971809387207e+00
1.231161594390869141e+00
1.259201526641845703e+00
1.119669914245605469e+00
1.249693870544433594e+00
1.191477537155151367e+00
1.212516069412231445e+00
1.177037954330444336e+00
1.236680626869201660e+00
1.310141205787658691e+00
1.265045166015625000e+00
1.261964797973632812e+00
1.200342059135437012e+00
1.269592165946960449e+00
1.279110193252563477e+00
1.266880989074707031e+00
1.176711678504943848e+00
1.275962114334106445e+00
1.185876488685607910e+00
1.363588571548461914e+00
1.224509119987487793e+00
1.197240591049194336e+00
1.237113237380981445e+00
1.227667093276977539e+00
1.177345514297485352e+00
1.193311452865600586e+00
1.206592202186584473e+00
1.260541558265686035e+00
1.323624134063720703e+00
1.223037242889404297e+00
1.271404981613159180e+00
1.258836388587951660e+00
1.214917540550231934e+00
1.281137466430664062e+00
1.197748422622680664e+00
1.205896496772766113e+00
1.214196443557739258e+00
1.221857547760009766e+00
1.222556710243225098e+00
1.189290881156921387e+00
1.265370607376098633e+00
1.242449045181274414e+00
1.285284638404846191e+00
1.160674095153808594e+00
1.216517448425292969e+00
1.337063312530517578e+00
1.334897041320800781e+00
1.169263720512390137e+00
1.258167982101440430e+00
1.220909595489501953e+00
1.273782968521118164e+00
1.178501963615417480e+00
1.211148858070373535e+00
1.156372189521789551e+00
1.165217757225036621e+00
1.263975262641906738e+00
1.362120628356933594e+00
1.280143141746520996e+00
1.178460955619812012e+00
1.201524138450622559e+00
1.280814170837402344e+00
1.326977133750915527e+00
1.322207450866699219e+00
1.237033963203430176e+00
1.219346642494201660e+00
1.256964445114135742e+00
1.200843453407287598e+00
1.272366404533386230e+00
1.197893857955932617e+00
1.239145398139953613e+00
1.220576286315917969e+00
1.216216921806335449e+00
1.238999009132385254e+00
1.239735245704650879e+00
1.183719158172607422e+00
1.246873497962951660e+00
1.293852806091308594e+00
1.283084392547607422e+00
1.199003696441650391e+00
1.160282611846923828e+00
1.148381948471069336e+00
1.148061513900756836e+00
1.252855300903320312e+00
1.212703943252563477e+00
1.262547135353088379e+00
1.177712559700012207e+00
1.194072246551513672e+00
1.306779861450195312e+00
1.167483329772949219e+00
1.254565954208374023e+00
1.291502237319946289e+00
1.189351797103881836e+00
1.318327426910400391e+00
1.226765394210815430e+00
1.189434051513671875e+00
1.319088816642761230e+00
1.200611352920532227e+00
1.169472455978393555e+00
1.172206282615661621e+00
1.288593411445617676e+00
1.203840732574462891e+00
1.223354339599609375e+00
1.160297751426696777e+00
1.193444371223449707e+00
1.211708426475524902e+00
1.210484862327575684e+00
1.252145290374755859e+00
1.331087112426757812e+00
1.285611748695373535e+00
1.349570274353027344e+00
1.246483922004699707e+00
1.223665475845336914e+00
1.248837947845458984e+00
1.233723402023315430e+00
1.225240230560302734e+00
1.213228225708007812e+00
1.223277330398559570e+00
1.211376905441284180e+00
1.228552341461181641e+00
1.262127041816711426e+00
1.167895555496215820e+00
1.200053215026855469e+00
1.244871020317077637e+00
1.335989117622375488e+00
1.287482261657714844e+00
1.229819774627685547e+00
1.308529019355773926e+00
1.195324897766113281e+00
1.374550342559814453e+00
1.227765440940856934e+00
1.226954817771911621e+00
1.236286759376525879e+00
1.162345409393310547e+00
1.232139825820922852e+00
1.173969984054565430e+00
1.269416689872741699e+00
1.229786753654479980e+00
1.125373125076293945e+00
1.313969254493713379e+00
1.155362486839294434e+00
1.238468766212463379e+00
1.232038736343383789e+00
1.192983984947204590e+00
1.260198831558227539e+00
1.204329967498779297e+00
1.176200151443481445e+00
1.193300008773803711e+00
1.240747690200805664e+00
1.186381340026855469e+00
1.233594417572021484e+00
1.251829028129577637e+00
1.157117366790771484e+00
1.299832105636596680e+00
1.228402972221374512e+00
1.149872422218322754e+00
1.281167387962341309e+00
1.281736135482788086e+00
1.284372210502624512e+00
1.262233614921569824e+00
1.178400039672851562e+00
1.342790126800537109e+00
1.142086744308471680e+00
1.416655421257019043e+00
1.189724564552307129e+00
1.255261540412902832e+00
1.222495198249816895e+00
1.202037692070007324e+00
1.229698181152343750e+00
1.175287604331970215e+00
1.205826163291931152e+00
1.219001650810241699e+00
1.261917233467102051e+00
1.249814152717590332e+00
1.189941644668579102e+00
1.271465659141540527e+00
1.193823695182800293e+00
1.290147304534912109e+00
1.160966992378234863e+00
1.262264013290405273e+00
1.217901706695556641e+00
1.204110860824584961e+00
1.235409498214721680e+00
1.239607214927673340e+00
1.238130569458007812e+00
1.230293035507202148e+00
1.238460421562194824e+00
1.163123607635498047e+00
1.226189732551574707e+00
1.220400452613830566e+00
1.275878429412841797e+00
1.305122137069702148e+00
1.128526091575622559e+00
1.213433384895324707e+00
1.226084232330322266e+00
1.192603349685668945e+00
1.201411485671997070e+00
1.187049984931945801e+00
1.160265564918518066e+00
1.246838569641113281e+00
1.181830644607543945e+00
1.149504542350769043e+00
1.265528082847595215e+00
1.255283951759338379e+00
1.151738524436950684e+00
1.206429362297058105e+00
1.214713454246520996e+00
1.174785971641540527e+00
1.231250166893005371e+00
1.184851765632629395e+00
1.187310814857482910e+00
1.217516183853149414e+00
1.241117954254150391e+00
1.310022830963134766e+00
1.168843984603881836e+00
1.367548942565917969e+00
1.284223318099975586e+00
1.161442995071411133e+00
1.196257114410400391e+00
1.219124078750610352e+00
1.215709328651428223e+00
1.158762216567993164e+00
1.209003090858459473e+00
1.251843214035034180e+00
1.204879641532897949e+00
1.188998103141784668e+00
1.188619017601013184e+00
1.238592028617858887e+00
1.254199028015136719e+00
1.206516146659851074e+00
1.213723301887512207e+00
1.168003082275390625e+00
1.300499677658081055e+00
1.216791033744812012e+00
1.158917903900146484e+00
1.277697563171386719e+00
1.206791043281555176e+00
1.254184961318969727e+00
1.209374070167541504e+00
1.307282805442810059e+00
1.278276920318603516e+00
1.199307203292846680e+00
1.239159822463989258e+00
1.294000148773193359e+00
1.194749236106872559e+00
1.206428408622741699e+00
1.180648207664489746e+00
1.257690191268920898e+00
1.285634994506835938e+00
1.208006024360656738e+00
1.220763683319091797e+00
1.150787115097045898e+00
1.189061999320983887e+00
1.202285408973693848e+00
1.175130963325500488e+00
1.238997817039489746e+00
1.259715199470520020e+00
1.209345817565917969e+00
1.216027498245239258e+00
1.264810681343078613e+00
1.415585160255432129e+00
1.247468590736389160e+00
1.176599740982055664e+00
1.195405364036560059e+00
1.180525541305541992e+00
1.195235848426818848e+00
1.206972241401672363e+00
1.168408036231994629e+00
1.205864787101745605e+00
1.172833442687988281e+00
1.190117359161376953e+00
1.179623842239379883e+00
1.220069646835327148e+00
1.212592959403991699e+00
1.181113123893737793e+00
1.188310027122497559e+00
1.219629645347595215e+00
1.278363227844238281e+00
1.190745592117309570e+00
1.206095218658447266e+00
1.216183066368103027e+00
1.216462254524230957e+00
1.237321376800537109e+00
1.169476032257080078e+00
1.270729422569274902e+00
1.269945740699768066e+00
1.245935678482055664e+00
1.265588045120239258e+00
1.185325860977172852e+00
1.244178056716918945e+00
1.208765268325805664e+00
1.198407173156738281e+00
1.216622829437255859e+00
1.196796655654907227e+00
1.207664370536804199e+00
1.232163786888122559e+00
1.168012380599975586e+00
1.251467108726501465e+00
1.263148307800292969e+00
1.299762129783630371e+00
1.248062491416931152e+00
1.435458302497863770e+00
1.210939407348632812e+00
1.229280233383178711e+00
1.163835525512695312e+00
1.183491945266723633e+00
1.212602615356445312e+00
1.322672605514526367e+00
1.195552825927734375e+00
1.202567815780639648e+00
1.159349560737609863e+00
1.178318381309509277e+00
1.235487103462219238e+00
1.181919097900390625e+00
1.353982567787170410e+00
1.225603938102722168e+00
1.272728443145751953e+00
1.243754267692565918e+00
1.244408488273620605e+00
1.178298115730285645e+00
1.165589570999145508e+00
1.257562994956970215e+00
1.236608862876892090e+00
1.223437428474426270e+00
1.190676808357238770e+00
1.120924234390258789e+00
1.215120196342468262e+00
1.234822750091552734e+00
1.205653071403503418e+00
1.303341031074523926e+00
1.173237800598144531e+00
1.170356154441833496e+00
1.258748531341552734e+00
1.154834389686584473e+00
1.166728854179382324e+00
1.228516817092895508e+00
1.187151193618774414e+00
1.171776890754699707e+00
1.234125971794128418e+00
1.154515981674194336e+00
1.191716194152832031e+00
1.304800033569335938e+00
1.268371582031250000e+00
1.225548624992370605e+00
1.198253393173217773e+00
1.198939800262451172e+00
1.240720391273498535e+00
1.187686204910278320e+00
1.203498125076293945e+00
1.222705483436584473e+00
1.274010419845581055e+00
1.272047877311706543e+00
1.190815448760986328e+00
1.232113599777221680e+00
1.153947472572326660e+00
1.186484694480895996e+00
1.170711994171142578e+00
1.251920580863952637e+00
1.179391622543334961e+00
1.223676085472106934e+00
1.214146375656127930e+00
1.279820799827575684e+00
1.200994253158569336e+00
1.176864624023437500e+00
1.250330448150634766e+00
1.132833480834960938e+00
1.280429601669311523e+00
1.219221591949462891e+00
1.248707532882690430e+00
1.270369529724121094e+00
1.148003935813903809e+00
1.303288578987121582e+00
1.325636386871337891e+00
1.231782555580139160e+00
1.205054402351379395e+00
1.205100417137145996e+00
1.206164240837097168e+00
1.282273411750793457e+00
1.284925103187561035e+00
1.263885021209716797e+00
1.143649458885192871e+00
1.154234290122985840e+00
1.144264578819274902e+00
1.167881488800048828e+00
1.135481476783752441e+00
1.263168811798095703e+00
1.201159596443176270e+00
1.176071524620056152e+00
1.254633069038391113e+00
1.232831001281738281e+00
1.162420630455017090e+00
1.233286499977111816e+00
1.199253201484680176e+00
1.198683619499206543e+00
1.314989686012268066e+00
1.183332324028015137e+00
1.181638002395629883e+00
1.208864450454711914e+00
1.264694333076477051e+00
1.264151811599731445e+00
1.234727740287780762e+00
1.184545993804931641e+00
1.216300129890441895e+00
1.213077545166015625e+00
1.264925956726074219e+00
1.214662671089172363e+00
1.209265470504760742e+00
1.168995380401611328e+00
1.255198001861572266e+00
1.196342229843139648e+00
1.185790061950683594e+00
1.206411123275756836e+00
1.381556272506713867e+00
1.195416569709777832e+00
1.174907326698303223e+00
1.224177241325378418e+00
1.183939099311828613e+00
1.246698021888732910e+00
1.151240706443786621e+00
1.249109745025634766e+00
1.128160834312438965e+00
1.194773435592651367e+00
1.183348536491394043e+00
1.231773376464843750e+00
1.204138875007629395e+00
1.259220600128173828e+00
1.190975666046142578e+00
1.257032036781311035e+00
1.243607759475708008e+00
1.213391184806823730e+00
1.266687512397766113e+00
1.192047595977783203e+00
1.240411400794982910e+00
1.211996555328369141e+00
1.203390598297119141e+00
1.319117307662963867e+00
1.198192834854125977e+00
1.216348290443420410e+00
1.254423737525939941e+00
1.290211200714111328e+00
1.145381093025207520e+00
1.281220316886901855e+00
1.192371964454650879e+00
1.224461555480957031e+00
1.209250688552856445e+00
1.211009979248046875e+00
1.224409580230712891e+00
1.237070798873901367e+00
1.197071313858032227e+00
1.198849081993103027e+00
1.271551728248596191e+00
1.206720590591430664e+00
1.212440729141235352e+00
1.167333126068115234e+00
1.284885168075561523e+00
1.233258128166198730e+00
1.143509984016418457e+00
1.174541115760803223e+00
1.220003008842468262e+00
1.233062028884887695e+00
1.212318181991577148e+00
1.227715969085693359e+00
1.157605409622192383e+00
1.252983212471008301e+00
1.173993229866027832e+00
1.198332428932189941e+00
1.359941959381103516e+00
1.211970090866088867e+00
1.167815804481506348e+00
1.274806141853332520e+00
1.194816708564758301e+00
1.223788619041442871e+00
1.225717544555664062e+00
1.188141584396362305e+00
1.180531382560729980e+00
1.176784992218017578e+00
1.192060112953186035e+00
1.214833140373229980e+00
1.264390230178833008e+00
1.196195363998413086e+00
1.197732806205749512e+00
1.210753560066223145e+00
1.207723259925842285e+00
1.237925410270690918e+00
1.170154452323913574e+00
1.188355207443237305e+00
1.294958114624023438e+00
1.192885637283325195e+00
1.210212349891662598e+00
1.211421370506286621e+00
1.238899588584899902e+00
1.285086274147033691e+00
1.134743928909301758e+00
1.152790427207946777e+00
1.226533293724060059e+00
1.227597475051879883e+00
1.127908468246459961e+00
1.240313768386840820e+00
1.292886734008789062e+00
1.257503867149353027e+00
1.288929343223571777e+00
1.175674438476562500e+00
1.225633621215820312e+00
1.127926826477050781e+00
1.322530388832092285e+00
1.270156502723693848e+00
1.232577562332153320e+00
1.186049342155456543e+00
1.213337421417236328e+00
1.196101546287536621e+00
1.157248973846435547e+00
1.167051792144775391e+00
1.235563635826110840e+00
1.243863224983215332e+00
1.260216832160949707e+00
1.189920067787170410e+00
1.201782107353210449e+00
1.311573147773742676e+00
1.267879128456115723e+00
1.258741021156311035e+00
1.195538520812988281e+00
1.193492054939270020e+00
1.134930968284606934e+00
1.192904949188232422e+00
1.205210566520690918e+00
1.219534993171691895e+00
1.309438705444335938e+00
1.223344326019287109e+00
1.191016316413879395e+00
1.328485250473022461e+00
1.246081352233886719e+00
1.188356161117553711e+00
1.165816783905029297e+00
1.215460419654846191e+00
1.231407761573791504e+00
1.191028952598571777e+00
1.231945753097534180e+00
1.208535313606262207e+00
1.233294963836669922e+00
1.185003399848937988e+00
1.192595720291137695e+00
1.269425272941589355e+00
1.188337206840515137e+00
1.225402712821960449e+00
1.116635441780090332e+00
1.225134015083312988e+00
1.229701399803161621e+00
1.196919918060302734e+00
1.183797836303710938e+00
1.232603073120117188e+00
1.151941895484924316e+00
1.215529441833496094e+00
1.153592586517333984e+00
1.182209968566894531e+00
1.196209549903869629e+00
1.200208187103271484e+00
1.270990133285522461e+00
1.189745068550109863e+00
1.258509635925292969e+00
1.178595781326293945e+00
1.220898032188415527e+00
1.160910248756408691e+00
1.309132933616638184e+00
1.214014887809753418e+00
1.196575284004211426e+00
1.309111475944519043e+00
1.234037280082702637e+00
1.195228099822998047e+00
1.191535115242004395e+00
1.191685438156127930e+00
1.191836476325988770e+00
1.199664950370788574e+00
1.178398489952087402e+00
1.218492627143859863e+00
1.177444815635681152e+00
1.228394031524658203e+00
1.278119206428527832e+00
1.264519810676574707e+00
1.305071711540222168e+00
1.158025383949279785e+00
1.185816884040832520e+00
1.185499310493469238e+00
1.223888635635375977e+00
1.167229771614074707e+00
1.207454919815063477e+00
1.277694582939147949e+00
1.224241137504577637e+00
1.221241474151611328e+00
1.244444251060485840e+00
1.150667548179626465e+00
1.154913783073425293e+00
1.189856886863708496e+00
1.186236262321472168e+00
1.163902282714843750e+00
1.203498721122741699e+00
1.184389233589172363e+00
1.220707893371582031e+00
1.235488176345825195e+00
1.210030913352966309e+00
1.200137615203857422e+00
1.234362959861755371e+00
1.239760041236877441e+00
1.187129020690917969e+00
1.244619727134704590e+00
1.171717166900634766e+00
1.188991904258728027e+00
1.179760098457336426e+00
1.239831924438476562e+00
1.265077710151672363e+00
1.260739803314208984e+00
1.305632829666137695e+00
1.226024985313415527e+00
1.195827245712280273e+00
1.302441716194152832e+00
1.205450415611267090e+00
1.199976801872253418e+00
1.189129710197448730e+00
1.195551872253417969e+00
1.245337843894958496e+00
1.173798441886901855e+00
1.181935310363769531e+00
1.236250281333923340e+00
1.203833937644958496e+00
1.183320879936218262e+00
1.261556982994079590e+00
1.195856094360351562e+00
1.212303042411804199e+00
1.235992431640625000e+00
1.240034222602844238e+00
1.255622148513793945e+00
1.166784048080444336e+00
1.255832076072692871e+00
1.314129829406738281e+00
1.235216379165649414e+00
1.154733896255493164e+00
1.272424578666687012e+00
